2.105995239036369426e+00
2.105995239036369426e+00
2.105995239036369426e+00
2.105995239036369426e+00
2.105995239036369426e+00
2.105995239036369426e+00
2.105995239036369426e+00
2.105995239036369426e+00
2.105995239036369426e+00
2.105995239036369426e+00
2.105995239036369426e+00
2.105995239036369426e+00
2.105995239036369426e+00
2.105995239036369426e+00
2.105995239036369426e+00
2.105995239036369426e+00
2.105995239036369426e+00
2.105995239036369426e+00
2.105995239036369426e+00
2.105995239036369426e+00
2.105995239036369426e+00
2.105995239036369426e+00
2.105995239036369426e+00
2.105995239036369426e+00
2.105995239036369426e+00
2.105995239036369426e+00
2.105995239036369426e+00
2.105995239036369426e+00
2.105995239036369426e+00
2.105995239036369426e+00
2.105995239036369426e+00
2.105995239036369426e+00
2.105995239036369426e+00
2.105995239036369426e+00
2.105995239036369426e+00
2.105995239036369426e+00
2.105995239036369426e+00
2.105995239036369426e+00
2.105995239036369426e+00
2.105995239036369426e+00
2.105870355346850520e+00
2.104972638723736633e+00
2.103101607203350820e+00
2.101300967268445952e+00
2.100106265858370680e+00
2.099762534152289639e+00
2.100331231995001158e+00
2.101708822971497970e+00
2.103593348854483569e+00
2.105340229513657402e+00
2.105807714357962546e+00
2.104545491708241123e+00
2.102617001403963570e+00
2.100932264724542531e+00
2.099935336570222688e+00
2.099820342199598233e+00
2.100607661991435560e+00
2.102149880665452386e+00
2.104079695231217517e+00
2.105625717739823877e+00
2.105625717739822100e+00
2.104079695231217517e+00
2.102149880665452386e+00
2.100607661991433783e+00
2.099820342199596901e+00
2.099935336570222688e+00
2.100932264724542531e+00
2.102617001403964014e+00
2.104545491708241567e+00
2.105807714357961213e+00
2.105340229513657846e+00
2.103593348854483569e+00
2.101708822971497970e+00
2.100331231995000270e+00
2.099762534152289195e+00
2.100106265858370680e+00
2.101300967268445508e+00
2.103101607203350820e+00
2.104972638723736633e+00
2.105870355346850520e+00
2.105502573820623002e+00
2.101952192357509297e+00
2.094510579343762391e+00
2.087304132245113131e+00
2.082500799378878220e+00
2.081115693335770178e+00
2.083406576728201287e+00
2.088939996005710231e+00
2.096471274631746429e+00
2.103407767358508984e+00
2.105255333461547362e+00
2.100257942020167690e+00
2.092575171366267917e+00
2.085823569556138235e+00
2.081812192848643495e+00
2.081348733894968106e+00
2.084518745040856214e+00
2.090706719734448882e+00
2.098407137536766776e+00
2.104536556031692207e+00
2.104536556031691319e+00
2.098407137536767220e+00
2.090706719734449770e+00
2.084518745040854881e+00
2.081348733894966774e+00
2.081812192848643939e+00
2.085823569556139123e+00
2.092575171366267472e+00
2.100257942020167246e+00
2.105255333461547362e+00
2.103407767358509428e+00
2.096471274631746429e+00
2.088939996005710231e+00
2.083406576728201287e+00
2.081115693335769734e+00
2.082500799378877332e+00
2.087304132245114019e+00
2.094510579343762835e+00
2.101952192357510629e+00
2.105502573820623002e+00
2.104912393455930619e+00
2.097075846909277175e+00
2.080493350994510493e+00
2.064265028457206608e+00
2.053364303085371212e+00
2.050208904234839480e+00
2.055424858243229291e+00
2.067962419615814618e+00
2.084880912009322795e+00
2.100295304900381854e+00
2.104368523933060064e+00
2.093317847508017859e+00
2.076150397649973556e+00
2.060911999002249306e+00
2.051796260031264030e+00
2.050740164521970499e+00
2.057951788509281066e+00
2.071946776947045876e+00
2.089200397847152502e+00
2.102785729083742616e+00
2.102785729083741728e+00
2.089200397847152502e+00
2.071946776947045876e+00
2.057951788509279734e+00
2.050740164521969611e+00
2.051796260031263586e+00
2.060911999002248862e+00
2.076150397649974000e+00
2.093317847508017859e+00
2.104368523933059620e+00
2.100295304900381854e+00
2.084880912009323239e+00
2.067962419615815062e+00
2.055424858243230180e+00
2.050208904234838148e+00
2.053364303085371212e+00
2.064265028457206608e+00
2.080493350994510493e+00
2.097075846909277175e+00
2.104912393455930619e+00
2.104133604271579472e+00
2.090579707555464850e+00
2.061507121176939794e+00
2.032625416686318687e+00
2.013009695767149054e+00
2.007300450565537631e+00
2.016730487454603260e+00
2.039240231642029944e+00
2.069245652140353720e+00
2.096164384895939925e+00
2.103197477670845750e+00
2.084034462631643159e+00
2.053817032438442602e+00
2.026609628911050898e+00
2.010174274983487663e+00
2.008262658726883032e+00
2.021285296054637470e+00
2.046346002378057083e+00
2.076832772805074168e+00
2.100469060832372836e+00
2.100469060832374169e+00
2.076832772805074168e+00
2.046346002378057083e+00
2.021285296054636582e+00
2.008262658726882144e+00
2.010174274983487663e+00
2.026609628911050454e+00
2.053817032438443047e+00
2.084034462631642715e+00
2.103197477670845750e+00
2.096164384895939925e+00
2.069245652140353720e+00
2.039240231642030388e+00
2.016730487454602816e+00
2.007300450565537631e+00
2.013009695767149054e+00
2.032625416686319131e+00
2.061507121176940238e+00
2.090579707555463518e+00
2.104133604271579472e+00
2.103212688272160236e+00
2.082793019445431160e+00
2.038202496042230027e+00
1.993020707930940105e+00
1.961883543595881685e+00
1.952754978179834122e+00
1.967816863487333201e+00
2.003440197167088321e+00
2.050165258549449643e+00
2.091239120990763034e+00
2.101811314027917099e+00
2.072841371238979491e+00
2.026252762057717760e+00
1.983509182424372019e+00
1.957353644062281850e+00
1.954295523995466688e+00
1.975062973393942656e+00
2.014586550725019354e+00
2.061830422278985608e+00
2.097718908904340207e+00
2.097718908904338875e+00
2.061830422278985608e+00
2.014586550725017577e+00
1.975062973393942656e+00
1.954295523995466022e+00
1.957353644062282738e+00
1.983509182424373574e+00
2.026252762057717760e+00
2.072841371238979935e+00
2.101811314027917099e+00
2.091239120990762590e+00
2.050165258549449643e+00
2.003440197167088321e+00
1.967816863487333645e+00
1.952754978179833678e+00
1.961883543595881685e+00
1.993020707930939439e+00
2.038202496042230027e+00
2.082793019445430271e+00
2.103212688272159792e+00
2.102207895836917917e+00
2.074136070167583945e+00
2.011432864092117079e+00
1.946297413775563534e+00
1.900575712350229596e+00
1.887047349577748223e+00
1.909338821523959950e+00
1.961448708305008282e+00
2.028421617747347305e+00
2.085803622234493560e+00
2.100296779799610380e+00
2.060296070233329058e+00
1.994351327087376946e+00
1.932400740063576094e+00
1.893869457475358953e+00
1.889334319889199865e+00
1.920008667651598389e+00
1.977572147217672383e+00
2.044874696297904304e+00
2.094702068302971121e+00
2.094702068302971121e+00
2.044874696297904748e+00
1.977572147217673271e+00
1.920008667651597944e+00
1.889334319889200753e+00
1.893869457475358509e+00
1.932400740063575428e+00
1.994351327087375836e+00
2.060296070233329058e+00
2.100296779799611269e+00
2.085803622234493560e+00
2.028421617747348193e+00
1.961448708305008948e+00
1.909338821523961283e+00
1.887047349577748223e+00
1.900575712350229596e+00
1.946297413775563090e+00
2.011432864092117079e+00
2.074136070167583057e+00
2.102207895836918361e+00
2.101187883264048040e+00
2.065116205277086170e+00
1.982264325506795544e+00
1.893535787569870621e+00
1.829833544884631236e+00
1.810768933377377543e+00
1.842130367096951105e+00
1.914393059880070469e+00
2.004983970823384531e+00
2.080197806442928954e+00
2.098756315481751233e+00
2.047077754133274308e+00
1.959237040718693423e+00
1.874294145740802220e+00
1.820395146760455773e+00
1.813998704846953025e+00
1.857047026097684128e+00
1.936446543640594875e+00
2.026803134267394224e+00
2.091616565380856052e+00
2.091616565380856052e+00
2.026803134267395112e+00
1.936446543640595541e+00
1.857047026097684350e+00
1.813998704846954135e+00
1.820395146760457106e+00
1.874294145740801998e+00
1.959237040718693645e+00
2.047077754133273420e+00
2.098756315481750789e+00
2.080197806442928954e+00
2.004983970823384531e+00
1.914393059880072023e+00
1.842130367096952437e+00
1.810768933377377099e+00
1.829833544884630347e+00
1.893535787569869955e+00
1.982264325506794655e+00
2.065116205277086170e+00
2.101187883264048040e+00
2.100229719019340191e+00
2.056320703971207919e+00
1.951983727464879692e+00
1.836076656275252184e+00
1.750582024144849091e+00
1.724637704845939368e+00
1.767228865361858858e+00
1.863665253050947879e+00
1.981011398590153183e+00
2.074810714536992062e+00
2.097305202306094962e+00
2.033981702722490681e+00
1.922278615300619942e+00
1.810446949670291961e+00
1.737758304754699834e+00
1.729044611160583944e+00
1.787330483520613633e+00
1.892612799160863002e+00
2.008607211448951269e+00
2.088686802162389000e+00
2.088686802162388556e+00
2.008607211448951713e+00
1.892612799160862558e+00
1.787330483520615187e+00
1.729044611160583722e+00
1.737758304754699612e+00
1.810446949670291517e+00
1.922278615300619053e+00
2.033981702722490237e+00
2.097305202306094962e+00
2.074810714536992506e+00
1.981011398590153627e+00
1.863665253050948323e+00
1.767228865361858414e+00
1.724637704845939590e+00
1.750582024144849091e+00
1.836076656275251739e+00
1.951983727464877916e+00
2.056320703971206587e+00
2.100229719019340191e+00
2.099415950354024840e+00
2.048404615384524341e+00
1.922100888553593956e+00
1.775549389876804884e+00
1.663951774390560967e+00
1.629514391541120766e+00
1.685906722301501182e+00
1.810944276213970250e+00
1.957849235869311588e+00
2.070069938210812310e+00
2.096067333243634145e+00
2.021907928945455346e+00
1.885097910110096420e+00
1.742396216823362876e+00
1.646963887951474526e+00
1.635383026416438179e+00
1.712272373549063031e+00
1.847748895121506196e+00
1.991424043516488940e+00
2.086156192568722645e+00
2.086156192568722645e+00
1.991424043516489384e+00
1.847748895121507751e+00
1.712272373549064142e+00
1.635383026416438401e+00
1.646963887951475414e+00
1.742396216823363098e+00
1.885097910110095976e+00
2.021907928945454902e+00
2.096067333243632813e+00
2.070069938210813199e+00
1.957849235869312032e+00
1.810944276213970250e+00
1.685906722301502514e+00
1.629514391541120322e+00
1.663951774390561411e+00
1.775549389876805106e+00
1.922100888553593734e+00
2.048404615384523897e+00
2.099415950354024840e+00
2.098830264759819819e+00
2.042070708162434300e+00
1.894339256520390036e+00
1.713893986230387689e+00
1.571316998957539735e+00
1.526428330478207807e+00
1.599710745509660192e+00
1.758208772352028326e+00
1.937014826573426163e+00
2.066425033805203260e+00
2.095168914849203645e+00
2.011840735000757441e+00
1.849566526958312362e+00
1.671989254825977378e+00
1.549227988406573608e+00
1.534108978195573236e+00
1.633583829575732338e+00
1.803811660869774958e+00
1.976518223057877499e+00
2.084275975530464731e+00
2.084275975530466063e+00
1.976518223057878165e+00
1.803811660869775402e+00
1.633583829575734114e+00
1.534108978195574347e+00
1.549227988406571388e+00
1.671989254825977378e+00
1.849566526958311918e+00
2.011840735000757441e+00
2.095168914849203201e+00
2.066425033805203260e+00
1.937014826573426385e+00
1.758208772352027660e+00
1.599710745509660192e+00
1.526428330478207140e+00
1.571316998957540179e+00
1.713893986230387023e+00
1.894339256520389592e+00
2.042070708162434300e+00
2.098830264759820263e+00
2.098551101228643745e+00
2.038037285538250476e+00
1.870607398328152593e+00
1.653363371763320044e+00
1.474345202052851356e+00
1.416619142941238696e+00
1.510507002177505997e+00
1.707725626779375450e+00
1.920166886135984630e+00
2.064321744787851465e+00
2.094729126169973643e+00
2.004814430052618945e+00
1.817779910842104441e+00
1.601402079796696798e+00
1.446026656995996973e+00
1.426546450472921945e+00
1.553307566461291866e+00
1.763015998010104113e+00
1.965248816390025910e+00
2.083288296542979534e+00
2.083288296542979534e+00
1.965248816390026354e+00
1.763015998010104113e+00
1.553307566461290534e+00
1.426546450472922833e+00
1.446026656995996973e+00
1.601402079796696354e+00
1.817779910842104218e+00
2.004814430052619389e+00
2.094729126169973643e+00
2.064321744787852353e+00
1.920166886135985740e+00
1.707725626779377226e+00
1.510507002177506664e+00
1.416619142941238696e+00
1.474345202052850023e+00
1.653363371763319378e+00
1.870607398328151927e+00
2.038037285538250476e+00
2.098551101228643745e+00
2.098642441620216292e+00
2.036987534023690927e+00
1.852942708471050581e+00
1.596481505994704619e+00
1.375059049663454935e+00
1.301604523107485090e+00
1.420523762294467973e+00
1.661991183327943933e+00
1.909052237290491671e+00
2.064162486348409153e+00
2.094846536303061946e+00
2.001858390198016036e+00
1.791995537870356259e+00
1.533123968899122058e+00
1.339165845165875446e+00
1.314318399217286881e+00
1.473833080525557504e+00
1.727770360246158265e+00
1.959015314844856359e+00
2.083401029620330469e+00
2.083401029620331801e+00
1.959015314844857247e+00
1.727770360246159598e+00
1.473833080525558170e+00
1.314318399217286659e+00
1.339165845165874780e+00
1.533123968899121836e+00
1.791995537870356259e+00
2.001858390198015591e+00
2.094846536303061946e+00
2.064162486348409153e+00
1.909052237290493004e+00
1.661991183327947486e+00
1.420523762294469972e+00
1.301604523107484868e+00
1.375059049663454047e+00
1.596481505994702843e+00
1.852942708471049027e+00
2.036987534023690927e+00
2.098642441620215848e+00
2.099141140395799354e+00
2.039490988462973498e+00
1.843419883702172912e+00
1.545919575692990877e+00
1.275906585729323917e+00
1.183291538900520301e+00
1.332375337610355981e+00
1.623591694802239083e+00
1.905424474199348461e+00
2.066247104480886776e+00
2.095580188295337543e+00
2.003911118309217088e+00
1.774520299273089741e+00
1.469871759352971763e+00
1.230879988636650824e+00
1.199456379887436031e+00
1.397864215782480324e+00
1.700543645217873712e+00
1.959174637194040614e+00
2.084751558661533721e+00
2.084751558661534609e+00
1.959174637194041280e+00
1.700543645217874378e+00
1.397864215782480990e+00
1.199456379887435808e+00
1.230879988636650157e+00
1.469871759352970209e+00
1.774520299273088852e+00
2.003911118309217088e+00
2.095580188295337543e+00
2.066247104480887220e+00
1.905424474199349127e+00
1.623591694802240415e+00
1.332375337610357757e+00
1.183291538900520301e+00
1.275906585729322584e+00
1.545919575692987546e+00
1.843419883702172246e+00
2.039490988462973053e+00
2.099141140395799354e+00
2.100040925390753266e+00
2.045883395240491343e+00
1.844021434074846422e+00
1.504241287777159375e+00
1.179827008853609804e+00
1.064160144364345362e+00
1.249034761006184047e+00
1.594941213426268156e+00
1.910931383783991633e+00
2.070687420454406791e+00
2.096925274546511453e+00
2.011686024958703634e+00
1.767533335307021503e+00
1.414383444906193166e+00
1.123966406568670306e+00
1.084571583328790112e+00
1.328293935277279569e+00
1.683634305679617471e+00
1.966917264044404146e+00
2.087357848877612998e+00
2.087357848877613442e+00
1.966917264044405700e+00
1.683634305679617693e+00
1.328293935277281346e+00
1.084571583328790556e+00
1.123966406568668086e+00
1.414383444906191389e+00
1.767533335307019726e+00
2.011686024958703189e+00
2.096925274546511009e+00
2.070687420454408123e+00
1.910931383783992743e+00
1.594941213426270821e+00
1.249034761006185601e+00
1.064160144364345362e+00
1.179827008853609360e+00
1.504241287777158043e+00
1.844021434074845089e+00
2.045883395240490454e+00
2.100040925390753266e+00
2.101275206941153773e+00
2.056086784294929970e+00
1.856475858027132109e+00
1.473470544643441293e+00
1.090282930985562615e+00
9.475620334001121359e-01
1.173708535930407137e+00
1.577851583155203352e+00
1.926969833311887870e+00
2.077292511138101982e+00
2.098786196525204595e+00
2.025456798404915659e+00
1.772830802788966986e+00
1.369042661603848687e+00
1.021955189490895144e+00
9.731147272272391291e-01
1.267935403440270337e+00
1.678805960468143788e+00
1.983077647966726254e+00
2.091059642631583504e+00
2.091059642631583948e+00
1.983077647966726476e+00
1.678805960468145564e+00
1.267935403440271225e+00
9.731147272272401283e-01
1.021955189490893368e+00
1.369042661603845357e+00
1.772830802788965876e+00
2.025456798404915659e+00
2.098786196525204595e+00
2.077292511138101982e+00
1.926969833311889424e+00
1.577851583155205129e+00
1.173708535930408470e+00
9.475620334001126910e-01
1.090282930985561283e+00
1.473470544643439961e+00
1.856475858027132331e+00
2.056086784294930414e+00
2.101275206941153773e+00
2.102704486555919239e+00
2.069354118345317239e+00
1.882077299055971320e+00
1.454470850679124183e+00
1.011207027501363376e+00
8.381807410477127851e-01
1.109571353480838019e+00
1.572889646520074791e+00
1.954499239736931404e+00
2.085436313157366772e+00
2.100955393931491333e+00
2.044699589101985460e+00
1.791456989998986948e+00
1.335335078172669165e+00
9.292852707916731125e-01
8.697385342742347536e-01
1.219094012060081944e+00
1.686723217945717002e+00
2.007810170291679963e+00
2.095463525106993519e+00
2.095463525106993519e+00
2.007810170291681295e+00
1.686723217945716335e+00
1.219094012060082832e+00
8.697385342742368630e-01
9.292852707916701149e-01
1.335335078172665835e+00
1.791456989998985172e+00
2.044699589101984571e+00
2.100955393931491777e+00
2.085436313157367660e+00
1.954499239736932736e+00
1.572889646520076790e+00
1.109571353480840683e+00
8.381807410477126741e-01
1.011207027501360267e+00
1.454470850679121741e+00
1.882077299055971098e+00
2.069354118345318128e+00
2.102704486555920127e+00
2.104118612518401488e+00
2.083961517880170700e+00
1.921493939394557593e+00
1.446232598346375298e+00
9.467921242730974463e-01
7.426228709362032721e-01
1.059377308088052194e+00
1.578488337779915041e+00
1.993746054102330412e+00
2.093957748160454990e+00
2.103113812946238337e+00
2.067484535330991413e+00
1.823050795691972814e+00
1.313273921554968249e+00
8.513781430848477161e-01
7.806847466981627903e-01
1.183081053000866412e+00
1.706002743053603110e+00
2.039912256254570178e+00
2.099924428795509890e+00
2.099924428795509890e+00
2.039912256254571510e+00
1.706002743053604220e+00
1.183081053000869076e+00
7.806847466981627903e-01
8.513781430848460507e-01
1.313273921554965140e+00
1.823050795691971704e+00
2.067484535330991413e+00
2.103113812946238337e+00
2.093957748160455434e+00
1.993746054102331300e+00
1.578488337779915707e+00
1.059377308088052194e+00
7.426228709362053815e-01
9.467921242730965581e-01
1.446232598346373077e+00
1.921493939394556705e+00
2.083961517880170700e+00
2.104118612518401932e+00
2.105265614060297885e+00
2.097023400582142205e+00
1.974468641536279545e+00
1.445425745422449282e+00
9.010677970152989325e-01
6.697616498786642669e-01
1.025089026021596794e+00
1.589940080987556570e+00
2.043343636913238726e+00
2.101212021186324552e+00
2.104872693305079423e+00
2.089570462175899035e+00
1.864056032761771675e+00
1.301160159336270272e+00
7.943500237524823149e-01
7.138257410742798736e-01
1.159952288232785511e+00
1.731425322452916582e+00
2.075093288589871854e+00
2.103614514836380067e+00
2.103614514836380511e+00
2.075093288589871854e+00
1.731425322452916582e+00
1.159952288232788176e+00
7.138257410742829823e-01
7.943500237524813157e-01
1.301160159336266275e+00
1.864056032761770565e+00
2.089570462175899035e+00
2.104872693305078979e+00
2.101212021186324108e+00
2.043343636913239170e+00
1.589940080987559234e+00
1.025089026021598348e+00
6.697616498786642669e-01
9.010677970152951577e-01
1.445425745422445951e+00
1.974468641536278213e+00
2.097023400582142205e+00
2.105265614060297885e+00
2.105910911218809467e+00
2.104929047859643187e+00
2.037630663913605034e+00
1.447054037211251920e+00
8.772876831229049488e-01
6.296507682316396792e-01
1.007759183849624485e+00
1.599339533086304943e+00
2.094476870191807727e+00
2.105435425019585693e+00
2.105865352945268665e+00
2.103977718058792856e+00
1.900921861666630797e+00
1.296209987571730338e+00
7.639927395250161180e-01
6.775028558682317792e-01
1.148829178687440056e+00
1.751381676574338186e+00
2.101853569594690718e+00
2.105718743781876956e+00
2.105718743781876956e+00
2.101853569594691162e+00
1.751381676574339075e+00
1.148829178687442498e+00
6.775028558682376634e-01
7.639927395250127873e-01
1.296209987571727229e+00
1.900921861666628576e+00
2.103977718058792856e+00
2.105865352945268665e+00
2.105435425019585693e+00
2.094476870191808171e+00
1.599339533086306941e+00
1.007759183849625373e+00
6.296507682316404564e-01
8.772876831229021732e-01
1.447054037211249256e+00
2.037630663913603257e+00
2.104929047859642743e+00
2.105910911218810355e+00
2.105910911218809911e+00
2.104929047859643632e+00
2.037630663913603701e+00
1.447054037211251920e+00
8.772876831229049488e-01
6.296507682316396792e-01
1.007759183849624041e+00
1.599339533086304943e+00
2.094476870191807727e+00
2.105435425019586582e+00
2.105865352945269109e+00
2.103977718058792856e+00
1.900921861666630797e+00
1.296209987571732336e+00
7.639927395250178943e-01
6.775028558682373303e-01
1.148829178687439834e+00
1.751381676574338409e+00
2.101853569594691162e+00
2.105718743781877400e+00
2.105718743781876956e+00
2.101853569594691162e+00
1.751381676574339297e+00
1.148829178687442498e+00
6.775028558682371083e-01
7.639927395250136755e-01
1.296209987571729894e+00
1.900921861666628576e+00
2.103977718058792856e+00
2.105865352945268221e+00
2.105435425019586582e+00
2.094476870191808615e+00
1.599339533086306941e+00
1.007759183849625817e+00
6.296507682316405674e-01
8.772876831229039496e-01
1.447054037211249478e+00
2.037630663913603257e+00
2.104929047859643632e+00
2.105910911218810355e+00
2.105265614060297885e+00
2.097023400582142649e+00
1.974468641536278879e+00
1.445425745422449282e+00
9.010677970152973781e-01
6.697616498786641559e-01
1.025089026021598571e+00
1.589940080987557680e+00
2.043343636913238281e+00
2.101212021186324108e+00
2.104872693305079423e+00
2.089570462175899479e+00
1.864056032761772785e+00
1.301160159336269828e+00
7.943500237524818708e-01
7.138257410742798736e-01
1.159952288232787065e+00
1.731425322452917248e+00
2.075093288589871854e+00
2.103614514836380067e+00
2.103614514836380955e+00
2.075093288589872298e+00
1.731425322452917248e+00
1.159952288232790174e+00
7.138257410742829823e-01
7.943500237524798724e-01
1.301160159336267164e+00
1.864056032761771231e+00
2.089570462175899479e+00
2.104872693305079423e+00
2.101212021186324108e+00
2.043343636913238726e+00
1.589940080987559456e+00
1.025089026021599459e+00
6.697616498786641559e-01
9.010677970152944916e-01
1.445425745422446617e+00
1.974468641536278657e+00
2.097023400582142649e+00
2.105265614060297885e+00
2.104118612518401488e+00
2.083961517880170256e+00
1.921493939394558481e+00
1.446232598346375520e+00
9.467921242730974463e-01
7.426228709362026059e-01
1.059377308088051528e+00
1.578488337779915485e+00
1.993746054102329968e+00
2.093957748160454990e+00
2.103113812946238337e+00
2.067484535330991413e+00
1.823050795691972592e+00
1.313273921554968027e+00
8.513781430848477161e-01
7.806847466981626793e-01
1.183081053000866412e+00
1.706002743053603998e+00
2.039912256254570178e+00
2.099924428795510778e+00
2.099924428795509890e+00
2.039912256254571066e+00
1.706002743053604664e+00
1.183081053000869076e+00
7.806847466981630124e-01
8.513781430848454956e-01
1.313273921554965140e+00
1.823050795691971482e+00
2.067484535330991413e+00
2.103113812946238337e+00
2.093957748160455434e+00
1.993746054102331300e+00
1.578488337779917039e+00
1.059377308088052194e+00
7.426228709362047153e-01
9.467921242730957809e-01
1.446232598346373077e+00
1.921493939394556705e+00
2.083961517880170700e+00
2.104118612518401488e+00
2.102704486555919239e+00
2.069354118345318128e+00
1.882077299055972652e+00
1.454470850679124849e+00
1.011207027501362266e+00
8.381807410477132292e-01
1.109571353480838685e+00
1.572889646520074569e+00
1.954499239736931182e+00
2.085436313157366772e+00
2.100955393931491333e+00
2.044699589101985460e+00
1.791456989998988281e+00
1.335335078172668499e+00
9.292852707916716692e-01
8.697385342742359748e-01
1.219094012060083054e+00
1.686723217945717002e+00
2.007810170291680407e+00
2.095463525106993075e+00
2.095463525106994407e+00
2.007810170291681295e+00
1.686723217945717890e+00
1.219094012060084831e+00
8.697385342742369740e-01
9.292852707916716692e-01
1.335335078172666945e+00
1.791456989998985616e+00
2.044699589101985460e+00
2.100955393931491333e+00
2.085436313157367216e+00
1.954499239736932070e+00
1.572889646520076568e+00
1.109571353480838463e+00
8.381807410477137843e-01
1.011207027501361377e+00
1.454470850679122851e+00
1.882077299055971764e+00
2.069354118345318128e+00
2.102704486555919239e+00
2.101275206941153773e+00
2.056086784294931746e+00
1.856475858027132997e+00
1.473470544643441293e+00
1.090282930985563059e+00
9.475620334001104705e-01
1.173708535930408692e+00
1.577851583155203130e+00
1.926969833311888758e+00
2.077292511138101982e+00
2.098786196525205039e+00
2.025456798404916547e+00
1.772830802788966320e+00
1.369042661603849353e+00
1.021955189490895144e+00
9.731147272272390181e-01
1.267935403440269893e+00
1.678805960468144232e+00
1.983077647966726476e+00
2.091059642631583504e+00
2.091059642631584836e+00
1.983077647966727142e+00
1.678805960468144676e+00
1.267935403440271003e+00
9.731147272272386850e-01
1.021955189490893146e+00
1.369042661603847133e+00
1.772830802788965432e+00
2.025456798404916103e+00
2.098786196525205039e+00
2.077292511138102871e+00
1.926969833311890090e+00
1.577851583155204462e+00
1.173708535930410468e+00
9.475620334001101375e-01
1.090282930985560395e+00
1.473470544643438185e+00
1.856475858027132997e+00
2.056086784294930858e+00
2.101275206941154217e+00
2.100040925390753266e+00
2.045883395240490454e+00
1.844021434074845978e+00
1.504241287777159597e+00
1.179827008853607806e+00
1.064160144364343585e+00
1.249034761006183381e+00
1.594941213426268378e+00
1.910931383783991411e+00
2.070687420454406791e+00
2.096925274546511453e+00
2.011686024958703634e+00
1.767533335307021503e+00
1.414383444906193610e+00
1.123966406568669196e+00
1.084571583328791000e+00
1.328293935277278459e+00
1.683634305679617249e+00
1.966917264044405034e+00
2.087357848877613886e+00
2.087357848877613886e+00
1.966917264044405922e+00
1.683634305679617915e+00
1.328293935277279569e+00
1.084571583328790112e+00
1.123966406568668752e+00
1.414383444906191389e+00
1.767533335307020170e+00
2.011686024958703634e+00
2.096925274546511453e+00
2.070687420454408123e+00
1.910931383783992521e+00
1.594941213426268822e+00
1.249034761006184491e+00
1.064160144364343585e+00
1.179827008853608694e+00
1.504241287777158487e+00
1.844021434074845311e+00
2.045883395240490454e+00
2.100040925390753266e+00
2.099141140395799798e+00
2.039490988462973498e+00
1.843419883702172246e+00
1.545919575692990211e+00
1.275906585729323695e+00
1.183291538900519635e+00
1.332375337610358423e+00
1.623591694802239083e+00
1.905424474199348683e+00
2.066247104480886776e+00
2.095580188295337543e+00
2.003911118309217532e+00
1.774520299273088852e+00
1.469871759352971763e+00
1.230879988636650157e+00
1.199456379887435808e+00
1.397864215782480102e+00
1.700543645217873712e+00
1.959174637194040169e+00
2.084751558661534165e+00
2.084751558661533721e+00
1.959174637194041502e+00
1.700543645217873934e+00
1.397864215782480546e+00
1.199456379887434920e+00
1.230879988636649713e+00
1.469871759352968876e+00
1.774520299273088186e+00
2.003911118309217088e+00
2.095580188295336654e+00
2.066247104480888108e+00
1.905424474199349794e+00
1.623591694802239971e+00
1.332375337610358645e+00
1.183291538900520301e+00
1.275906585729322362e+00
1.545919575692988879e+00
1.843419883702171802e+00
2.039490988462973498e+00
2.099141140395799798e+00
2.098642441620215848e+00
2.036987534023690483e+00
1.852942708471049471e+00
1.596481505994704841e+00
1.375059049663454935e+00
1.301604523107484646e+00
1.420523762294469527e+00
1.661991183327943045e+00
1.909052237290492116e+00
2.064162486348408709e+00
2.094846536303061946e+00
2.001858390198015591e+00
1.791995537870356481e+00
1.533123968899121836e+00
1.339165845165874558e+00
1.314318399217285549e+00
1.473833080525557282e+00
1.727770360246158710e+00
1.959015314844854139e+00
2.083401029620330913e+00
2.083401029620330913e+00
1.959015314844856803e+00
1.727770360246158710e+00
1.473833080525558170e+00
1.314318399217286881e+00
1.339165845165873892e+00
1.533123968899121170e+00
1.791995537870355593e+00
2.001858390198015147e+00
2.094846536303062390e+00
2.064162486348409153e+00
1.909052237290493004e+00
1.661991183327946153e+00
1.420523762294468861e+00
1.301604523107484424e+00
1.375059049663453159e+00
1.596481505994703731e+00
1.852942708471049249e+00
2.036987534023691371e+00
2.098642441620215848e+00
2.098551101228643745e+00
2.038037285538249588e+00
1.870607398328152815e+00
1.653363371763321155e+00
1.474345202052851356e+00
1.416619142941239806e+00
1.510507002177506664e+00
1.707725626779375894e+00
1.920166886135985074e+00
2.064321744787851909e+00
2.094729126169973643e+00
2.004814430052619389e+00
1.817779910842105551e+00
1.601402079796697908e+00
1.446026656995996529e+00
1.426546450472921945e+00
1.553307566461290312e+00
1.763015998010103225e+00
1.965248816390025910e+00
2.083288296542979090e+00
2.083288296542980866e+00
1.965248816390026132e+00
1.763015998010102781e+00
1.553307566461291866e+00
1.426546450472922611e+00
1.446026656995995641e+00
1.601402079796695244e+00
1.817779910842104441e+00
2.004814430052618945e+00
2.094729126169973643e+00
2.064321744787852353e+00
1.920166886135985518e+00
1.707725626779377448e+00
1.510507002177507552e+00
1.416619142941238918e+00
1.474345202052849579e+00
1.653363371763320044e+00
1.870607398328151927e+00
2.038037285538249588e+00
2.098551101228643745e+00
2.098830264759820263e+00
2.042070708162435189e+00
1.894339256520390258e+00
1.713893986230388577e+00
1.571316998957539290e+00
1.526428330478207807e+00
1.599710745509659526e+00
1.758208772352028104e+00
1.937014826573426607e+00
2.066425033805202816e+00
2.095168914849204089e+00
2.011840735000757885e+00
1.849566526958312362e+00
1.671989254825977600e+00
1.549227988406572720e+00
1.534108978195573680e+00
1.633583829575733004e+00
1.803811660869774069e+00
1.976518223057878165e+00
2.084275975530466507e+00
2.084275975530466063e+00
1.976518223057879053e+00
1.803811660869774514e+00
1.633583829575731228e+00
1.534108978195575457e+00
1.549227988406571388e+00
1.671989254825977156e+00
1.849566526958311918e+00
2.011840735000757441e+00
2.095168914849204533e+00
2.066425033805203260e+00
1.937014826573427051e+00
1.758208772352029214e+00
1.599710745509660192e+00
1.526428330478207807e+00
1.571316998957540401e+00
1.713893986230386801e+00
1.894339256520389592e+00
2.042070708162433856e+00
2.098830264759820263e+00
2.099415950354024840e+00
2.048404615384523453e+00
1.922100888553594844e+00
1.775549389876805106e+00
1.663951774390560523e+00
1.629514391541118545e+00
1.685906722301501848e+00
1.810944276213969584e+00
1.957849235869312254e+00
2.070069938210812310e+00
2.096067333243633257e+00
2.021907928945455346e+00
1.885097910110095754e+00
1.742396216823363986e+00
1.646963887951474970e+00
1.635383026416434848e+00
1.712272373549062365e+00
1.847748895121506418e+00
1.991424043516488052e+00
2.086156192568721757e+00
2.086156192568722201e+00
1.991424043516488496e+00
1.847748895121507751e+00
1.712272373549064142e+00
1.635383026416438179e+00
1.646963887951474081e+00
1.742396216823362876e+00
1.885097910110095976e+00
2.021907928945454902e+00
2.096067333243633257e+00
2.070069938210813199e+00
1.957849235869312476e+00
1.810944276213970472e+00
1.685906722301500960e+00
1.629514391541117657e+00
1.663951774390560079e+00
1.775549389876805328e+00
1.922100888553593956e+00
2.048404615384523009e+00
2.099415950354024840e+00
2.100229719019340191e+00
2.056320703971207031e+00
1.951983727464877916e+00
1.836076656275251739e+00
1.750582024144848647e+00
1.724637704845939146e+00
1.767228865361858414e+00
1.863665253050947435e+00
1.981011398590153183e+00
2.074810714536991618e+00
2.097305202306094518e+00
2.033981702722490237e+00
1.922278615300619720e+00
1.810446949670291295e+00
1.737758304754702054e+00
1.729044611160583500e+00
1.787330483520614521e+00
1.892612799160862558e+00
2.008607211448951713e+00
2.088686802162389000e+00
2.088686802162389444e+00
2.008607211448951713e+00
1.892612799160863002e+00
1.787330483520614965e+00
1.729044611160584388e+00
1.737758304754699390e+00
1.810446949670291295e+00
1.922278615300619053e+00
2.033981702722489793e+00
2.097305202306094074e+00
2.074810714536991618e+00
1.981011398590153849e+00
1.863665253050948767e+00
1.767228865361857304e+00
1.724637704845939590e+00
1.750582024144847981e+00
1.836076656275252184e+00
1.951983727464878804e+00
2.056320703971207031e+00
2.100229719019340191e+00
2.101187883264048040e+00
2.065116205277085726e+00
1.982264325506795100e+00
1.893535787569871065e+00
1.829833544884630347e+00
1.810768933377377099e+00
1.842130367096951993e+00
1.914393059880070247e+00
2.004983970823382755e+00
2.080197806442928954e+00
2.098756315481750345e+00
2.047077754133273420e+00
1.959237040718692979e+00
1.874294145740802442e+00
1.820395146760456218e+00
1.813998704846953025e+00
1.857047026097683684e+00
1.936446543640595541e+00
2.026803134267395112e+00
2.091616565380855608e+00
2.091616565380856052e+00
2.026803134267395556e+00
1.936446543640595541e+00
1.857047026097684350e+00
1.813998704846953913e+00
1.820395146760457106e+00
1.874294145740801998e+00
1.959237040718692091e+00
2.047077754133273420e+00
2.098756315481750345e+00
2.080197806442928954e+00
2.004983970823383643e+00
1.914393059880071579e+00
1.842130367096951327e+00
1.810768933377376211e+00
1.829833544884629681e+00
1.893535787569869289e+00
1.982264325506795322e+00
2.065116205277086170e+00
2.101187883264048040e+00
2.102207895836918361e+00
2.074136070167583057e+00
2.011432864092117523e+00
1.946297413775562646e+00
1.900575712350228708e+00
1.887047349577748667e+00
1.909338821523960839e+00
1.961448708305009614e+00
2.028421617747347305e+00
2.085803622234492671e+00
2.100296779799611269e+00
2.060296070233329058e+00
1.994351327087376280e+00
1.932400740063575428e+00
1.893869457475358731e+00
1.889334319889199865e+00
1.920008667651597722e+00
1.977572147217673049e+00
2.044874696297903860e+00
2.094702068302971121e+00
2.094702068302971121e+00
2.044874696297903860e+00
1.977572147217672383e+00
1.920008667651599055e+00
1.889334319889199865e+00
1.893869457475358065e+00
1.932400740063575650e+00
1.994351327087376946e+00
2.060296070233329946e+00
2.100296779799610380e+00
2.085803622234492671e+00
2.028421617747347749e+00
1.961448708305009392e+00
1.909338821523961283e+00
1.887047349577748001e+00
1.900575712350228930e+00
1.946297413775562868e+00
2.011432864092117079e+00
2.074136070167583057e+00
2.102207895836918361e+00
2.103212688272159792e+00
2.082793019445431604e+00
2.038202496042229139e+00
1.993020707930939661e+00
1.961883543595882351e+00
1.952754978179833456e+00
1.967816863487333867e+00
2.003440197167087877e+00
2.050165258549449199e+00
2.091239120990762146e+00
2.101811314027917099e+00
2.072841371238980823e+00
2.026252762057717760e+00
1.983509182424372685e+00
1.957353644062281628e+00
1.954295523995466466e+00
1.975062973393941546e+00
2.014586550725018466e+00
2.061830422278986052e+00
2.097718908904339763e+00
2.097718908904338875e+00
2.061830422278985608e+00
2.014586550725017577e+00
1.975062973393942656e+00
1.954295523995466688e+00
1.957353644062281628e+00
1.983509182424372685e+00
2.026252762057717760e+00
2.072841371238980379e+00
2.101811314027917099e+00
2.091239120990762590e+00
2.050165258549450531e+00
2.003440197167088765e+00
1.967816863487332535e+00
1.952754978179833456e+00
1.961883543595881241e+00
1.993020707930940105e+00
2.038202496042230027e+00
2.082793019445430716e+00
2.103212688272159792e+00
2.104133604271579472e+00
2.090579707555463962e+00
2.061507121176941126e+00
2.032625416686318243e+00
2.013009695767149054e+00
2.007300450565536298e+00
2.016730487454603704e+00
2.039240231642029499e+00
2.069245652140353720e+00
2.096164384895939037e+00
2.103197477670846194e+00
2.084034462631643603e+00
2.053817032438443047e+00
2.026609628911049565e+00
2.010174274983487219e+00
2.008262658726882144e+00
2.021285296054636138e+00
2.046346002378057083e+00
2.076832772805074168e+00
2.100469060832374169e+00
2.100469060832373280e+00
2.076832772805074612e+00
2.046346002378057083e+00
2.021285296054637470e+00
2.008262658726882144e+00
2.010174274983486775e+00
2.026609628911049565e+00
2.053817032438442158e+00
2.084034462631643603e+00
2.103197477670845750e+00
2.096164384895940369e+00
2.069245652140353720e+00
2.039240231642029944e+00
2.016730487454603260e+00
2.007300450565537631e+00
2.013009695767148166e+00
2.032625416686317799e+00
2.061507121176939794e+00
2.090579707555464406e+00
2.104133604271579472e+00
2.104912393455930619e+00
2.097075846909277175e+00
2.080493350994510493e+00
2.064265028457205720e+00
2.053364303085371656e+00
2.050208904234839036e+00
2.055424858243228403e+00
2.067962419615815506e+00
2.084880912009323239e+00
2.100295304900381854e+00
2.104368523933059620e+00
2.093317847508018303e+00
2.076150397649973556e+00
2.060911999002248862e+00
2.051796260031262698e+00
2.050740164521969611e+00
2.057951788509279734e+00
2.071946776947047208e+00
2.089200397847153390e+00
2.102785729083741728e+00
2.102785729083742172e+00
2.089200397847153390e+00
2.071946776947045432e+00
2.057951788509279289e+00
2.050740164521969611e+00
2.051796260031263586e+00
2.060911999002249306e+00
2.076150397649973556e+00
2.093317847508017859e+00
2.104368523933060064e+00
2.100295304900381854e+00
2.084880912009322351e+00
2.067962419615815950e+00
2.055424858243228403e+00
2.050208904234838592e+00
2.053364303085371212e+00
2.064265028457207052e+00
2.080493350994511381e+00
2.097075846909277619e+00
2.104912393455930619e+00
2.105502573820623002e+00
2.101952192357509741e+00
2.094510579343762835e+00
2.087304132245114019e+00
2.082500799378877332e+00
2.081115693335768402e+00
2.083406576728201287e+00
2.088939996005710231e+00
2.096471274631746873e+00
2.103407767358508984e+00
2.105255333461547806e+00
2.100257942020167690e+00
2.092575171366267917e+00
2.085823569556138679e+00
2.081812192848644827e+00
2.081348733894966774e+00
2.084518745040854881e+00
2.090706719734450214e+00
2.098407137536766776e+00
2.104536556031692207e+00
2.104536556031692207e+00
2.098407137536766331e+00
2.090706719734448882e+00
2.084518745040854881e+00
2.081348733894967218e+00
2.081812192848643495e+00
2.085823569556139123e+00
2.092575171366267917e+00
2.100257942020167690e+00
2.105255333461546918e+00
2.103407767358509428e+00
2.096471274631746429e+00
2.088939996005710231e+00
2.083406576728202175e+00
2.081115693335769290e+00
2.082500799378876888e+00
2.087304132245115351e+00
2.094510579343762391e+00
2.101952192357509741e+00
2.105502573820623002e+00
2.105870355346850520e+00
2.104972638723737077e+00
2.103101607203349932e+00
2.101300967268446396e+00
2.100106265858369792e+00
2.099762534152289639e+00
2.100331231995001158e+00
2.101708822971497970e+00
2.103593348854483125e+00
2.105340229513657846e+00
2.105807714357962102e+00
2.104545491708241567e+00
2.102617001403963570e+00
2.100932264724542531e+00
2.099935336570222688e+00
2.099820342199596013e+00
2.100607661991436448e+00
2.102149880665452830e+00
2.104079695231217073e+00
2.105625717739823877e+00
2.105625717739823433e+00
2.104079695231217073e+00
2.102149880665452830e+00
2.100607661991435560e+00
2.099820342199596901e+00
2.099935336570223132e+00
2.100932264724542531e+00
2.102617001403964014e+00
2.104545491708241567e+00
2.105807714357962102e+00
2.105340229513657846e+00
2.103593348854483125e+00
2.101708822971497082e+00
2.100331231995001158e+00
2.099762534152289639e+00
2.100106265858369348e+00
2.101300967268446396e+00
2.103101607203350376e+00
2.104972638723737077e+00
2.105870355346850520e+00
2.105995239036369426e+00
2.105995239036369426e+00
2.105995239036369426e+00
2.105995239036369426e+00
2.105995239036369426e+00
2.105995239036369426e+00
2.105995239036369426e+00
2.105995239036369426e+00
2.105995239036369426e+00
2.105995239036369426e+00
2.105995239036368982e+00
2.105995239036368982e+00
2.105995239036369426e+00
2.105995239036369426e+00
2.105995239036369426e+00
2.105995239036369426e+00
2.105995239036369426e+00
2.105995239036369426e+00
2.105995239036369426e+00
2.105995239036369426e+00
2.105995239036369426e+00
2.105995239036369426e+00
2.105995239036369426e+00
2.105995239036369426e+00
2.105995239036369426e+00
2.105995239036369426e+00
2.105995239036369426e+00
2.105995239036369426e+00
2.105995239036368982e+00
2.105995239036368982e+00
2.105995239036369426e+00
2.105995239036369426e+00
2.105995239036369426e+00
2.105995239036369426e+00
2.105995239036369426e+00
2.105995239036369426e+00
2.105995239036369426e+00
2.105995239036369426e+00
2.105995239036369426e+00
2.105995239036369426e+00
