4.188260765425507515e+00
4.188260765425507515e+00
4.188260765425507515e+00
4.188260765425507515e+00
4.188260765425507515e+00
4.188260765425507515e+00
4.188260765425507515e+00
4.188260765425507515e+00
4.188260765425507515e+00
4.188260765425507515e+00
4.188260765425507515e+00
4.188260765425507515e+00
4.188260765425507515e+00
4.188260765425507515e+00
4.188260765425507515e+00
4.188260765425507515e+00
4.188260765425507515e+00
4.188260765425507515e+00
4.188260765425507515e+00
4.188260765425507515e+00
4.188260765425507515e+00
4.188260765425507515e+00
4.188260765425507515e+00
4.188260765425507515e+00
4.188260765425507515e+00
4.188260765425507515e+00
4.188260765425507515e+00
4.188260765425507515e+00
4.188260765425507515e+00
4.188260765425507515e+00
4.188260765425507515e+00
4.188260765425507515e+00
4.188260765425507515e+00
4.188260765425507515e+00
4.188260765425507515e+00
4.188260765425507515e+00
4.188260765425507515e+00
4.188260765425507515e+00
4.188260765425507515e+00
4.188260765425507515e+00
4.181937221111034830e+00
4.181939247459271591e+00
4.181944513696828736e+00
4.181950907444737631e+00
4.181955864079452745e+00
4.181957395438627323e+00
4.181954887279323962e+00
4.181949345649067951e+00
4.181942993362199879e+00
4.181938378416721669e+00
4.181937351949942538e+00
4.181940325697576455e+00
4.181946106833325238e+00
4.181952376447657826e+00
4.181956619713751877e+00
4.181957134611946181e+00
4.181953714611667650e+00
4.181947731510174293e+00
4.181941585205518841e+00
4.181937741077955906e+00
4.181937741077955906e+00
4.181941585205518841e+00
4.181947731510174293e+00
4.181953714611667650e+00
4.181957134611946181e+00
4.181956619713751877e+00
4.181952376447657826e+00
4.181946106833324350e+00
4.181940325697578231e+00
4.181937351949941650e+00
4.181938378416722557e+00
4.181942993362198990e+00
4.181949345649067062e+00
4.181954887279323074e+00
4.181957395438627323e+00
4.181955864079453633e+00
4.181950907444736742e+00
4.181944513696828736e+00
4.181939247459271591e+00
4.181937221111034830e+00
4.163071740595733594e+00
4.163104796555902709e+00
4.163190702519805164e+00
4.163294996170525231e+00
4.163375844175382312e+00
4.163400821622134096e+00
4.163359911779139111e+00
4.163269520942809443e+00
4.163165902303512134e+00
4.163090619870591702e+00
4.163073874996348955e+00
4.163122385711493401e+00
4.163216689977334184e+00
4.163318957515298457e+00
4.163388169092404389e+00
4.163396567394138437e+00
4.163340784459396815e+00
4.163243191579905300e+00
4.163142931699682414e+00
4.163080222904159911e+00
4.163080222904159911e+00
4.163142931699683302e+00
4.163243191579905300e+00
4.163340784459396815e+00
4.163396567394138437e+00
4.163388169092404389e+00
4.163318957515299346e+00
4.163216689977334184e+00
4.163122385711491624e+00
4.163073874996349844e+00
4.163090619870591702e+00
4.163165902303512134e+00
4.163269520942810331e+00
4.163359911779137335e+00
4.163400821622133208e+00
4.163375844175384977e+00
4.163294996170525231e+00
4.163190702519805164e+00
4.163104796555902709e+00
4.163071740595733594e+00
4.131980291709052011e+00
4.132153202383033630e+00
4.132602496585263907e+00
4.133147830002192435e+00
4.133570472273312646e+00
4.133701027453397181e+00
4.133487190604102857e+00
4.133014637585850970e+00
4.132472799621448090e+00
4.132079048057467396e+00
4.131991456863365997e+00
4.132245202748671353e+00
4.132738393802226184e+00
4.133273099617110979e+00
4.133634894681371463e+00
4.133678791510407180e+00
4.133387204071227394e+00
4.132876970562733732e+00
4.132352663756916122e+00
4.132024662728878361e+00
4.132024662728878361e+00
4.132352663756916122e+00
4.132876970562733732e+00
4.133387204071227394e+00
4.133678791510407180e+00
4.133634894681371463e+00
4.133273099617110979e+00
4.132738393802227073e+00
4.132245202748670465e+00
4.131991456863367773e+00
4.132079048057467396e+00
4.132472799621448090e+00
4.133014637585850970e+00
4.133487190604103745e+00
4.133701027453397181e+00
4.133570472273314422e+00
4.133147830002192435e+00
4.132602496585263907e+00
4.132153202383031854e+00
4.131980291709052011e+00
4.089191160270987169e+00
4.089763759618672445e+00
4.091250876648474311e+00
4.093054444438059214e+00
4.094451159025059184e+00
4.094882416523929258e+00
4.094176011061689380e+00
4.092614085223338805e+00
4.090821702314904051e+00
4.089518214397562801e+00
4.089228138791251688e+00
4.090068357752565831e+00
4.091700472875158923e+00
4.093468523909642443e+00
4.094663974154371111e+00
4.094808971827827548e+00
4.093845624739022249e+00
4.092158833731404322e+00
4.090424087153239796e+00
4.089338111345417914e+00
4.089338111345418803e+00
4.090424087153239796e+00
4.092158833731402545e+00
4.093845624739022249e+00
4.094808971827827548e+00
4.094663974154371111e+00
4.093468523909642443e+00
4.091700472875158923e+00
4.090068357752564943e+00
4.089228138791251688e+00
4.089518214397561024e+00
4.090821702314906716e+00
4.092614085223340581e+00
4.094176011061688492e+00
4.094882416523929258e+00
4.094451159025058296e+00
4.093054444438059214e+00
4.091250876648474311e+00
4.089763759618672445e+00
4.089191160270988057e+00
4.035447346826149584e+00
4.036934052244284921e+00
4.040789981390123131e+00
4.045456259696964096e+00
4.049062236483091937e+00
4.050174284251562895e+00
4.048352401444600623e+00
4.044317970677270502e+00
4.039677957743450065e+00
4.036296652389029127e+00
4.035543392284814068e+00
4.037724458136324301e+00
4.041954242591296875e+00
4.046526010677807150e+00
4.049611084992389642e+00
4.049984943688149208e+00
4.047499717184770418e+00
4.043140486870807848e+00
4.038647143131953499e+00
4.035828999773437786e+00
4.035828999773436010e+00
4.038647143131953499e+00
4.043140486870806072e+00
4.047499717184769530e+00
4.049984943688149208e+00
4.049611084992389642e+00
4.046526010677805374e+00
4.041954242591295987e+00
4.037724458136325190e+00
4.035543392284813180e+00
4.036296652389029127e+00
4.039677957743447401e+00
4.044317970677270502e+00
4.048352401444600623e+00
4.050174284251565560e+00
4.049062236483093713e+00
4.045456259696964096e+00
4.040789981390123131e+00
4.036934052244286697e+00
4.035447346826149584e+00
3.971709657472107136e+00
3.975041247914367304e+00
3.983653034025705253e+00
3.994018819987788405e+00
4.001987608043577005e+00
4.004437822109930600e+00
4.000421811659217397e+00
3.991495813794632141e+00
3.981173748614571295e+00
3.973613649495232991e+00
3.971925076566881874e+00
3.976809944455370616e+00
3.986245062527743244e+00
3.996386618370115329e+00
4.003197333276232506e+00
4.004020883189863156e+00
3.998539061034373177e+00
3.988882123280439451e+00
3.978872414020796278e+00
3.972565507747185531e+00
3.972565507747185087e+00
3.978872414020797166e+00
3.988882123280441228e+00
3.998539061034373621e+00
4.004020883189863156e+00
4.003197333276231618e+00
3.996386618370116217e+00
3.986245062527744576e+00
3.976809944455372392e+00
3.971925076566882762e+00
3.973613649495231215e+00
3.981173748614572627e+00
3.991495813794632141e+00
4.000421811659220062e+00
4.004437822109928824e+00
4.001987608043577893e+00
3.994018819987788405e+00
3.983653034025706141e+00
3.975041247914367304e+00
3.971709657472106692e+00
3.899160127978931634e+00
3.905947573465181399e+00
3.923355536356972095e+00
3.944053845059388941e+00
3.959782177253221569e+00
3.964586969969293939e+00
3.956704050824631391e+00
3.939041115209482413e+00
3.918363895034752353e+00
3.903042784249724395e+00
3.899599905457897808e+00
3.909538847079262247e+00
3.928557081450171573e+00
3.948743687364988819e+00
3.962156229527564744e+00
3.963770392492462769e+00
3.952994883694107564e+00
3.933831229033028620e+00
3.913716108413342276e+00
3.900906603512621640e+00
3.900906603512621196e+00
3.913716108413342720e+00
3.933831229033028620e+00
3.952994883694105788e+00
3.963770392492462769e+00
3.962156229527567852e+00
3.948743687364988375e+00
3.928557081450172017e+00
3.909538847079262247e+00
3.899599905457897808e+00
3.903042784249724395e+00
3.918363895034751465e+00
3.939041115209481525e+00
3.956704050824631391e+00
3.964586969969293939e+00
3.959782177253221569e+00
3.944053845059388941e+00
3.923355536356972983e+00
3.905947573465181399e+00
3.899160127978932522e+00
3.819205172153372185e+00
3.832180183284190633e+00
3.864885149956553079e+00
3.902779935340667805e+00
3.930918774458913578e+00
3.939409366534246004e+00
3.925454004900582383e+00
3.893695889792989195e+00
3.855588611210308159e+00
3.826643210433458009e+00
3.820049813157735397e+00
3.838993449792359236e+00
3.874505644900007706e+00
3.911227130852946487e+00
3.935119965895566452e+00
3.937969752362507236e+00
3.918842061858110348e+00
3.884192473104068899e+00
3.846874405652103590e+00
3.822556209434029295e+00
3.822556209434029295e+00
3.846874405652103590e+00
3.884192473104068455e+00
3.918842061858108572e+00
3.937969752362507236e+00
3.935119965895566452e+00
3.911227130852949152e+00
3.874505644900005485e+00
3.838993449792358792e+00
3.820049813157735397e+00
3.826643210433457121e+00
3.855588611210308159e+00
3.893695889792990084e+00
3.925454004900581939e+00
3.939409366534246892e+00
3.930918774458913134e+00
3.902779935340667361e+00
3.864885149956553079e+00
3.832180183284189745e+00
3.819205172153372185e+00
3.733477478180492248e+00
3.757227545431471860e+00
3.814943017736169395e+00
3.878627970196613539e+00
3.924118792630499009e+00
3.937585450389104125e+00
3.915390315613655581e+00
3.863633999321255175e+00
3.798824111005493886e+00
3.747157251860428584e+00
3.735039949142919369e+00
3.769492914317284615e+00
3.831405668150570598e+00
3.892430630212444065e+00
3.930796322927435860e+00
3.935310055758169501e+00
3.904763209521151524e+00
3.847771334436293600e+00
3.783514973244355595e+00
3.739662670756938923e+00
3.739662670756937146e+00
3.783514973244355595e+00
3.847771334436293600e+00
3.904763209521151968e+00
3.935310055758170833e+00
3.930796322927434083e+00
3.892430630212444509e+00
3.831405668150569266e+00
3.769492914317284615e+00
3.735039949142915816e+00
3.747157251860428584e+00
3.798824111005492110e+00
3.863633999321254731e+00
3.915390315613657357e+00
3.937585450389104569e+00
3.924118792630499009e+00
3.878627970196614871e+00
3.814943017736169839e+00
3.757227545431473636e+00
3.733477478180492248e+00
3.643835160092691705e+00
3.685966587949285334e+00
3.781279633245519634e+00
3.878513773594037151e+00
3.944488053107600312e+00
3.963583504246841915e+00
3.932012205352423351e+00
3.856197143040125397e+00
3.755490376949421449e+00
3.668354795013506475e+00
3.646673095044380197e+00
3.706970571730550112e+00
3.807073385837004054e+00
3.898791629481209497e+00
3.953979209457760824e+00
3.960369608808585795e+00
3.916711080680120194e+00
3.832229050404684756e+00
3.730444377957518931e+00
3.655011520280143422e+00
3.655011520280146087e+00
3.730444377957520263e+00
3.832229050404685644e+00
3.916711080680121526e+00
3.960369608808587127e+00
3.953979209457758603e+00
3.898791629481213938e+00
3.807073385837005386e+00
3.706970571730550112e+00
3.646673095044380197e+00
3.668354795013506919e+00
3.755490376949422338e+00
3.856197143040121400e+00
3.932012205352423351e+00
3.963583504246841915e+00
3.944488053107600756e+00
3.878513773594038927e+00
3.781279633245520078e+00
3.685966587949287110e+00
3.643835160092691705e+00
3.552355982720220684e+00
3.625006352702428547e+00
3.770082680674647246e+00
3.903932233704253463e+00
3.990202945405115997e+00
4.014682295852870730e+00
3.974100766747687530e+00
3.874037154005545158e+00
3.732623593883854340e+00
3.595559223655721670e+00
3.557512101140158478e+00
3.658781651441478822e+00
3.806596233828560827e+00
3.930759029208138244e+00
4.002394439834555229e+00
4.010575749990831440e+00
3.954225736353010223e+00
3.841439285337861609e+00
3.695136642690147077e+00
3.572411418349532131e+00
3.572411418349531687e+00
3.695136642690146189e+00
3.841439285337861609e+00
3.954225736353008003e+00
4.010575749990831440e+00
4.002394439834555229e+00
3.930759029208137356e+00
3.806596233828560827e+00
3.658781651441479710e+00
3.557512101140158478e+00
3.595559223655721226e+00
3.732623593883853008e+00
3.874037154005546935e+00
3.974100766747686198e+00
4.014682295852867178e+00
3.990202945405119550e+00
3.903932233704252575e+00
3.770082680674647246e+00
3.625006352702428547e+00
3.552355982720220684e+00
3.461323608725743295e+00
3.581990015996896481e+00
3.782291693438075697e+00
3.949826801463717896e+00
4.053675061727043172e+00
4.082740473151996952e+00
4.034468499264911578e+00
3.913213025039270487e+00
3.733214051440985060e+00
3.536051114529746187e+00
3.470899456780349723e+00
3.631662324540517517e+00
3.829032709484615715e+00
3.982383962772693131e+00
4.068169952891683927e+00
4.077875309720473851e+00
4.010657811582846399e+00
3.872827886937655339e+00
3.682621966663438329e+00
3.497427020683056664e+00
3.497427020683056220e+00
3.682621966663438329e+00
3.872827886937654895e+00
4.010657811582843735e+00
4.077875309720474739e+00
4.068169952891683039e+00
3.982383962772695796e+00
3.829032709484616159e+00
3.631662324540517517e+00
3.470899456780349279e+00
3.536051114529746187e+00
3.733214051440985060e+00
3.913213025039272708e+00
4.034468499264912467e+00
4.082740473151995175e+00
4.053675061727044948e+00
3.949826801463718784e+00
3.782291693438075253e+00
3.581990015996897370e+00
3.461323608725743295e+00
3.373201771852383235e+00
3.562290298720070858e+00
3.812735093086263127e+00
4.007695816946485579e+00
4.125683088255232889e+00
4.158439644624615461e+00
4.103979377084743696e+00
3.965666450871673909e+00
3.753905076939505481e+00
3.497832190111840323e+00
3.391909340745985268e+00
3.627687209419960368e+00
3.867898323248543768e+00
4.044864083458583615e+00
4.142031509660381694e+00
4.152963676237691359e+00
4.077003750584314190e+00
3.918982224039075923e+00
3.691960975567104342e+00
3.438285278941339396e+00
3.438285278941339396e+00
3.691960975567103898e+00
3.918982224039075479e+00
4.077003750584315078e+00
4.152963676237692248e+00
4.142031509660380806e+00
4.044864083458582726e+00
3.867898323248542436e+00
3.627687209419961256e+00
3.391909340745984380e+00
3.497832190111839878e+00
3.753905076939505481e+00
3.965666450871674353e+00
4.103979377084743696e+00
4.158439644624615461e+00
4.125683088255234665e+00
4.007695816946487355e+00
3.812735093086263127e+00
3.562290298720072190e+00
3.373201771852383235e+00
3.290591078006582126e+00
3.564618708819798698e+00
3.853304284291455772e+00
4.069250094966848863e+00
4.198279783995046088e+00
4.233945638932852695e+00
4.174614060476357302e+00
4.023033807515120408e+00
3.787114514499861251e+00
3.484688823048316397e+00
3.330182769497660455e+00
3.642254053984171236e+00
3.914858012262717679e+00
4.110001798460161559e+00
4.216087766595249420e+00
4.227987493980977618e+00
4.145158978957599771e+00
3.971508170608675670e+00
3.716620800417016479e+00
3.404471438427253638e+00
3.404471438427251861e+00
3.716620800417014703e+00
3.971508170608677002e+00
4.145158978957601548e+00
4.227987493980975842e+00
4.216087766595245867e+00
4.110001798460164224e+00
3.914858012262716791e+00
3.642254053984171236e+00
3.330182769497658679e+00
3.484688823048316397e+00
3.787114514499860363e+00
4.023033807515118632e+00
4.174614060476356414e+00
4.233945638932853583e+00
4.198279783995046976e+00
4.069250094966847975e+00
3.853304284291456216e+00
3.564618708819801807e+00
3.290591078006581682e+00
3.216161838970987397e+00
3.581461765376520834e+00
3.896397756754818253e+00
4.128011022597602775e+00
4.265546734013653030e+00
4.303477810118918612e+00
4.240358726744367424e+00
4.078612068560526716e+00
3.824904237212321867e+00
3.491745932473270919e+00
3.302465352549607935e+00
3.667140615958175864e+00
3.962643003679980680e+00
4.171506080922357640e+00
4.284489989322360692e+00
4.297143596741085148e+00
4.208986368556035806e+00
4.023439138687599836e+00
3.748394858995414580e+00
3.398487983930777112e+00
3.398487983930777556e+00
3.748394858995414580e+00
4.023439138687599836e+00
4.208986368556035806e+00
4.297143596741085148e+00
4.284489989322358916e+00
4.171506080922359416e+00
3.962643003679980680e+00
3.667140615958177641e+00
3.302465352549608379e+00
3.491745932473268255e+00
3.824904237212321423e+00
4.078612068560525827e+00
4.240358726744366535e+00
4.303477810118916835e+00
4.265546734013651253e+00
4.128011022597602775e+00
3.896397756754820030e+00
3.581461765376523498e+00
3.216161838970986508e+00
3.238639848971145430e+00
3.604052553098541445e+00
3.936276432809380665e+00
4.179374427787979407e+00
4.323327560832718852e+00
4.362983224681279637e+00
4.296983979030317258e+00
4.127602228508821192e+00
3.861037543682622086e+00
3.509108792053389880e+00
3.310834558847551179e+00
3.694633646371536795e+00
4.005903186292764317e+00
4.224928175813717601e+00
4.343134404640554891e+00
4.356362295869073087e+00
4.264160339626933194e+00
4.069732022767711399e+00
3.780403513279904093e+00
3.410580923527506414e+00
3.410580923527505970e+00
3.780403513279902761e+00
4.069732022767712287e+00
4.264160339626932306e+00
4.356362295869073975e+00
4.343134404640554003e+00
4.224928175813719378e+00
4.005903186292765206e+00
3.694633646371535463e+00
3.310834558847552955e+00
3.509108792053389880e+00
3.861037543682621198e+00
4.127602228508821192e+00
4.296983979030316370e+00
4.362983224681279637e+00
4.323327560832717964e+00
4.179374427787980295e+00
3.936276432809381998e+00
3.604052553098541889e+00
3.238639848971145430e+00
3.276301547366994971e+00
3.625673217510738677e+00
3.969013414141292273e+00
4.220205603510308379e+00
4.368781106895765376e+00
4.409687222786839556e+00
4.341601430029613518e+00
4.166738806734785250e+00
3.891212706548468070e+00
3.528104379130847956e+00
3.331950863866525836e+00
3.719166482971231424e+00
4.040991958167995612e+00
4.267236334671913767e+00
4.389213730873515296e+00
4.402858193143277532e+00
4.307729920735464013e+00
4.106954671584185590e+00
3.807827487834524849e+00
3.428171769966632532e+00
3.428171769966632532e+00
3.807827487834523073e+00
4.106954671584182925e+00
4.307729920735466678e+00
4.402858193143278420e+00
4.389213730873515296e+00
4.267236334671914655e+00
4.040991958167995612e+00
3.719166482971232757e+00
3.331950863866526724e+00
3.528104379130847512e+00
3.891212706548467182e+00
4.166738806734784362e+00
4.341601430029611741e+00
4.409687222786839556e+00
4.368781106895766264e+00
4.220205603510310155e+00
3.969013414141295382e+00
3.625673217510739121e+00
3.276301547366994971e+00
3.301718592412515196e+00
3.642053833826715437e+00
3.992074349078249984e+00
4.248449815078916281e+00
4.400028372494909412e+00
4.441750417335028622e+00
4.372303897275366502e+00
4.193888388456208816e+00
3.912666214980828450e+00
3.543208740395753509e+00
3.350285059318680148e+00
3.737193065268815229e+00
4.065545444806496711e+00
4.296437607012660642e+00
4.420869158354276074e+00
4.434785510211227688e+00
4.337750527033517933e+00
4.132873088207158929e+00
3.827584762276704744e+00
3.443144772507650053e+00
3.443144772507650941e+00
3.827584762276700747e+00
4.132873088207159817e+00
4.337750527033517933e+00
4.434785510211226800e+00
4.420869158354275186e+00
4.296437607012660642e+00
4.065545444806499376e+00
3.737193065268814784e+00
3.350285059318681036e+00
3.543208740395751732e+00
3.912666214980828450e+00
4.193888388456207927e+00
4.372303897275366502e+00
4.441750417335028622e+00
4.400028372494909412e+00
4.248449815078917169e+00
3.992074349078251316e+00
3.642053833826717657e+00
3.301718592412515196e+00
3.314519473689995888e+00
3.650782891845738121e+00
4.003954913982729735e+00
4.262864837119516359e+00
4.415923693642728409e+00
4.458048912118598217e+00
4.387930227515241199e+00
4.207765567410616470e+00
3.923769790042652694e+00
3.551412417666410359e+00
3.360320529870504114e+00
3.746670563238587714e+00
4.078152131138100600e+00
4.311323704875050566e+00
4.436966118569390716e+00
4.451016839189465557e+00
4.353040448655642436e+00
4.146146749250185337e+00
3.837876560505155688e+00
3.451446150783123556e+00
3.451446150783122668e+00
3.837876560505153911e+00
4.146146749250184449e+00
4.353040448655643324e+00
4.451016839189466445e+00
4.436966118569391604e+00
4.311323704875051455e+00
4.078152131138098824e+00
3.746670563238587270e+00
3.360320529870504114e+00
3.551412417666409027e+00
3.923769790042651806e+00
4.207765567410616470e+00
4.387930227515242976e+00
4.458048912118598217e+00
4.415923693642729297e+00
4.262864837119516359e+00
4.003954913982731512e+00
3.650782891845738565e+00
3.314519473689996332e+00
3.314519473689996332e+00
3.650782891845737232e+00
4.003954913982731512e+00
4.262864837119514583e+00
4.415923693642728409e+00
4.458048912118598217e+00
4.387930227515242976e+00
4.207765567410616470e+00
3.923769790042654471e+00
3.551412417666410359e+00
3.360320529870504558e+00
3.746670563238587270e+00
4.078152131138098824e+00
4.311323704875049678e+00
4.436966118569389828e+00
4.451016839189466445e+00
4.353040448655644212e+00
4.146146749250185337e+00
3.837876560505157908e+00
3.451446150783126221e+00
3.451446150783122224e+00
3.837876560505154799e+00
4.146146749250184449e+00
4.353040448655644212e+00
4.451016839189466445e+00
4.436966118569393380e+00
4.311323704875052343e+00
4.078152131138100600e+00
3.746670563238589491e+00
3.360320529870505446e+00
3.551412417666407251e+00
3.923769790042652250e+00
4.207765567410617358e+00
4.387930227515242088e+00
4.458048912118597329e+00
4.415923693642728409e+00
4.262864837119516359e+00
4.003954913982731512e+00
3.650782891845738565e+00
3.314519473689996776e+00
3.301718592412515196e+00
3.642053833826715437e+00
3.992074349078249984e+00
4.248449815078916281e+00
4.400028372494909412e+00
4.441750417335028622e+00
4.372303897275366502e+00
4.193888388456209704e+00
3.912666214980828450e+00
3.543208740395754397e+00
3.350285059318680592e+00
3.737193065268813896e+00
4.065545444806498487e+00
4.296437607012660642e+00
4.420869158354275186e+00
4.434785510211227688e+00
4.337750527033520598e+00
4.132873088207158929e+00
3.827584762276702968e+00
3.443144772507650941e+00
3.443144772507650941e+00
3.827584762276701635e+00
4.132873088207158929e+00
4.337750527033519710e+00
4.434785510211226800e+00
4.420869158354275186e+00
4.296437607012659754e+00
4.065545444806499376e+00
3.737193065268815229e+00
3.350285059318682368e+00
3.543208740395751732e+00
3.912666214980828450e+00
4.193888388456207927e+00
4.372303897275367390e+00
4.441750417335028622e+00
4.400028372494910300e+00
4.248449815078917169e+00
3.992074349078251760e+00
3.642053833826717657e+00
3.301718592412515196e+00
3.276301547366994971e+00
3.625673217510737345e+00
3.969013414141294049e+00
4.220205603510308379e+00
4.368781106895766264e+00
4.409687222786840444e+00
4.341601430029614406e+00
4.166738806734785250e+00
3.891212706548467626e+00
3.528104379130849733e+00
3.331950863866525836e+00
3.719166482971232313e+00
4.040991958167994724e+00
4.267236334671913767e+00
4.389213730873515296e+00
4.402858193143276644e+00
4.307729920735464013e+00
4.106954671584183814e+00
3.807827487834524405e+00
3.428171769966634308e+00
3.428171769966631643e+00
3.807827487834523517e+00
4.106954671584182037e+00
4.307729920735466678e+00
4.402858193143277532e+00
4.389213730873512631e+00
4.267236334671914655e+00
4.040991958167995612e+00
3.719166482971231869e+00
3.331950863866527612e+00
3.528104379130847512e+00
3.891212706548467626e+00
4.166738806734784362e+00
4.341601430029611741e+00
4.409687222786841332e+00
4.368781106895768040e+00
4.220205603510309267e+00
3.969013414141294938e+00
3.625673217510739121e+00
3.276301547366994971e+00
3.238639848971145874e+00
3.604052553098541445e+00
3.936276432809379777e+00
4.179374427787981183e+00
4.323327560832717964e+00
4.362983224681281413e+00
4.296983979030317258e+00
4.127602228508823856e+00
3.861037543682622086e+00
3.509108792053390324e+00
3.310834558847551179e+00
3.694633646371536351e+00
4.005903186292764317e+00
4.224928175813717601e+00
4.343134404640555779e+00
4.356362295869073087e+00
4.264160339626934970e+00
4.069732022767711399e+00
3.780403513279904093e+00
3.410580923527506414e+00
3.410580923527505526e+00
3.780403513279901873e+00
4.069732022767712287e+00
4.264160339626933194e+00
4.356362295869073975e+00
4.343134404640556667e+00
4.224928175813719378e+00
4.005903186292765206e+00
3.694633646371538127e+00
3.310834558847553399e+00
3.509108792053389880e+00
3.861037543682620310e+00
4.127602228508821192e+00
4.296983979030316370e+00
4.362983224681279637e+00
4.323327560832717964e+00
4.179374427787980295e+00
3.936276432809381554e+00
3.604052553098541889e+00
3.238639848971146762e+00
3.216161838970986508e+00
3.581461765376523054e+00
3.896397756754819142e+00
4.128011022597602775e+00
4.265546734013653918e+00
4.303477810118917724e+00
4.240358726744370088e+00
4.078612068560526716e+00
3.824904237212323643e+00
3.491745932473270919e+00
3.302465352549607935e+00
3.667140615958177197e+00
3.962643003679982012e+00
4.171506080922359416e+00
4.284489989322361581e+00
4.297143596741086924e+00
4.208986368556037583e+00
4.023439138687601613e+00
3.748394858995415468e+00
3.398487983930777556e+00
3.398487983930778000e+00
3.748394858995415468e+00
4.023439138687598948e+00
4.208986368556036695e+00
4.297143596741085148e+00
4.284489989322360692e+00
4.171506080922362081e+00
3.962643003679982012e+00
3.667140615958177641e+00
3.302465352549608824e+00
3.491745932473269143e+00
3.824904237212322755e+00
4.078612068560526716e+00
4.240358726744367424e+00
4.303477810118917724e+00
4.265546734013652141e+00
4.128011022597602775e+00
3.896397756754820918e+00
3.581461765376523498e+00
3.216161838970986508e+00
3.290591078006581682e+00
3.564618708819798254e+00
3.853304284291454440e+00
4.069250094966847975e+00
4.198279783995046976e+00
4.233945638932855360e+00
4.174614060476357302e+00
4.023033807515120408e+00
3.787114514499862583e+00
3.484688823048316397e+00
3.330182769497660011e+00
3.642254053984172124e+00
3.914858012262717679e+00
4.110001798460164224e+00
4.216087766595247643e+00
4.227987493980976730e+00
4.145158978957602436e+00
3.971508170608675670e+00
3.716620800417018256e+00
3.404471438427253638e+00
3.404471438427252306e+00
3.716620800417018256e+00
3.971508170608677002e+00
4.145158978957600659e+00
4.227987493980976730e+00
4.216087766595248532e+00
4.110001798460163336e+00
3.914858012262719011e+00
3.642254053984171236e+00
3.330182769497660011e+00
3.484688823048314621e+00
3.787114514499861251e+00
4.023033807515120408e+00
4.174614060476356414e+00
4.233945638932855360e+00
4.198279783995046088e+00
4.069250094966848863e+00
3.853304284291456216e+00
3.564618708819800474e+00
3.290591078006581682e+00
3.373201771852383235e+00
3.562290298720072634e+00
3.812735093086260463e+00
4.007695816946490019e+00
4.125683088255233777e+00
4.158439644624615461e+00
4.103979377084745472e+00
3.965666450871678350e+00
3.753905076939505925e+00
3.497832190111842099e+00
3.391909340745986157e+00
3.627687209419960368e+00
3.867898323248542436e+00
4.044864083458583615e+00
4.142031509660380806e+00
4.152963676237694912e+00
4.077003750584315078e+00
3.918982224039076812e+00
3.691960975567105674e+00
3.438285278941339840e+00
3.438285278941337175e+00
3.691960975567103898e+00
3.918982224039076367e+00
4.077003750584315966e+00
4.152963676237694912e+00
4.142031509660380806e+00
4.044864083458582726e+00
3.867898323248542436e+00
3.627687209419961256e+00
3.391909340745984824e+00
3.497832190111840767e+00
3.753905076939505481e+00
3.965666450871673021e+00
4.103979377084745472e+00
4.158439644624615461e+00
4.125683088255233777e+00
4.007695816946490019e+00
3.812735093086262239e+00
3.562290298720073523e+00
3.373201771852383235e+00
3.461323608725742851e+00
3.581990015996896037e+00
3.782291693438075253e+00
3.949826801463719228e+00
4.053675061727044948e+00
4.082740473151997840e+00
4.034468499264911578e+00
3.913213025039272264e+00
3.733214051440985060e+00
3.536051114529747519e+00
3.470899456780347503e+00
3.631662324540517073e+00
3.829032709484614827e+00
3.982383962772695796e+00
4.068169952891683927e+00
4.077875309720473851e+00
4.010657811582846399e+00
3.872827886937655339e+00
3.682621966663437441e+00
3.497427020683056220e+00
3.497427020683056220e+00
3.682621966663437441e+00
3.872827886937655784e+00
4.010657811582846399e+00
4.077875309720472963e+00
4.068169952891683927e+00
3.982383962772694908e+00
3.829032709484614827e+00
3.631662324540517073e+00
3.470899456780349279e+00
3.536051114529745298e+00
3.733214051440985948e+00
3.913213025039272708e+00
4.034468499264912467e+00
4.082740473151996063e+00
4.053675061727045836e+00
3.949826801463719228e+00
3.782291693438077473e+00
3.581990015996897370e+00
3.461323608725742851e+00
3.552355982720220684e+00
3.625006352702426771e+00
3.770082680674646358e+00
3.903932233704254351e+00
3.990202945405119106e+00
4.014682295852870730e+00
3.974100766747687530e+00
3.874037154005545158e+00
3.732623593883853008e+00
3.595559223655722114e+00
3.557512101140159366e+00
3.658781651441479710e+00
3.806596233828560383e+00
3.930759029208137356e+00
4.002394439834556117e+00
4.010575749990832328e+00
3.954225736353008891e+00
3.841439285337861165e+00
3.695136642690148410e+00
3.572411418349532131e+00
3.572411418349532575e+00
3.695136642690147077e+00
3.841439285337861165e+00
3.954225736353012000e+00
4.010575749990831440e+00
4.002394439834556117e+00
3.930759029208138244e+00
3.806596233828560383e+00
3.658781651441479710e+00
3.557512101140158478e+00
3.595559223655720338e+00
3.732623593883853452e+00
3.874037154005545602e+00
3.974100766747687530e+00
4.014682295852869842e+00
3.990202945405118662e+00
3.903932233704254351e+00
3.770082680674647690e+00
3.625006352702426771e+00
3.552355982720220684e+00
3.643835160092691705e+00
3.685966587949287110e+00
3.781279633245520522e+00
3.878513773594039371e+00
3.944488053107599868e+00
3.963583504246843692e+00
3.932012205352423351e+00
3.856197143040125397e+00
3.755490376949422782e+00
3.668354795013506919e+00
3.646673095044379753e+00
3.706970571730550112e+00
3.807073385837004942e+00
3.898791629481212606e+00
3.953979209457761268e+00
3.960369608808587127e+00
3.916711080680122414e+00
3.832229050404685200e+00
3.730444377957520263e+00
3.655011520280146087e+00
3.655011520280146087e+00
3.730444377957520707e+00
3.832229050404683868e+00
3.916711080680121526e+00
3.960369608808587572e+00
3.953979209457759936e+00
3.898791629481212606e+00
3.807073385837005830e+00
3.706970571730549224e+00
3.646673095044381530e+00
3.668354795013506475e+00
3.755490376949421449e+00
3.856197143040123620e+00
3.932012205352423795e+00
3.963583504246843692e+00
3.944488053107602088e+00
3.878513773594038483e+00
3.781279633245521854e+00
3.685966587949285334e+00
3.643835160092692149e+00
3.733477478180491804e+00
3.757227545431474081e+00
3.814943017736168507e+00
3.878627970196614871e+00
3.924118792630499009e+00
3.937585450389104125e+00
3.915390315613657357e+00
3.863633999321254286e+00
3.798824111005493886e+00
3.747157251860429472e+00
3.735039949142915816e+00
3.769492914317285059e+00
3.831405668150567490e+00
3.892430630212442733e+00
3.930796322927435860e+00
3.935310055758169057e+00
3.904763209521152412e+00
3.847771334436291824e+00
3.783514973244355595e+00
3.739662670756936258e+00
3.739662670756937146e+00
3.783514973244353374e+00
3.847771334436292268e+00
3.904763209521152412e+00
3.935310055758171721e+00
3.930796322927434083e+00
3.892430630212442733e+00
3.831405668150570598e+00
3.769492914317283727e+00
3.735039949142915816e+00
3.747157251860427252e+00
3.798824111005493886e+00
3.863633999321253842e+00
3.915390315613654248e+00
3.937585450389103237e+00
3.924118792630498120e+00
3.878627970196614871e+00
3.814943017736169395e+00
3.757227545431473636e+00
3.733477478180491804e+00
3.819205172153372185e+00
3.832180183284188413e+00
3.864885149956552191e+00
3.902779935340668249e+00
3.930918774458912246e+00
3.939409366534246892e+00
3.925454004900582383e+00
3.893695889792989639e+00
3.855588611210308159e+00
3.826643210433457121e+00
3.820049813157735397e+00
3.838993449792359236e+00
3.874505644900005485e+00
3.911227130852947820e+00
3.935119965895567784e+00
3.937969752362507236e+00
3.918842061858111681e+00
3.884192473104069343e+00
3.846874405652103590e+00
3.822556209434029295e+00
3.822556209434029295e+00
3.846874405652103146e+00
3.884192473104068899e+00
3.918842061858110348e+00
3.937969752362508569e+00
3.935119965895567784e+00
3.911227130852946043e+00
3.874505644900005485e+00
3.838993449792360124e+00
3.820049813157733176e+00
3.826643210433457121e+00
3.855588611210308159e+00
3.893695889792990084e+00
3.925454004900582383e+00
3.939409366534246892e+00
3.930918774458913578e+00
3.902779935340669581e+00
3.864885149956553523e+00
3.832180183284189745e+00
3.819205172153372185e+00
3.899160127978931190e+00
3.905947573465180511e+00
3.923355536356972983e+00
3.944053845059388941e+00
3.959782177253220681e+00
3.964586969969294383e+00
3.956704050824632724e+00
3.939041115209481081e+00
3.918363895034751021e+00
3.903042784249723507e+00
3.899599905457895588e+00
3.909538847079261803e+00
3.928557081450171573e+00
3.948743687364988819e+00
3.962156229527567852e+00
3.963770392492463657e+00
3.952994883694107564e+00
3.933831229033029508e+00
3.913716108413342276e+00
3.900906603512621640e+00
3.900906603512621196e+00
3.913716108413340500e+00
3.933831229033028620e+00
3.952994883694107564e+00
3.963770392492462769e+00
3.962156229527567408e+00
3.948743687364987931e+00
3.928557081450171573e+00
3.909538847079262247e+00
3.899599905457897364e+00
3.903042784249723063e+00
3.918363895034751021e+00
3.939041115209481525e+00
3.956704050824631835e+00
3.964586969969293939e+00
3.959782177253220681e+00
3.944053845059387164e+00
3.923355536356973428e+00
3.905947573465181399e+00
3.899160127978931190e+00
3.971709657472106692e+00
3.975041247914366416e+00
3.983653034025705253e+00
3.994018819987789293e+00
4.001987608043576117e+00
4.004437822109928824e+00
4.000421811659217397e+00
3.991495813794631697e+00
3.981173748614571295e+00
3.973613649495230771e+00
3.971925076566881430e+00
3.976809944455371060e+00
3.986245062527744576e+00
3.996386618370114441e+00
4.003197333276231618e+00
4.004020883189863156e+00
3.998539061034373621e+00
3.988882123280441228e+00
3.978872414020795834e+00
3.972565507747185976e+00
3.972565507747185976e+00
3.978872414020793613e+00
3.988882123280438563e+00
3.998539061034374065e+00
4.004020883189862268e+00
4.003197333276230729e+00
3.996386618370115329e+00
3.986245062527744576e+00
3.976809944455372392e+00
3.971925076566881874e+00
3.973613649495231215e+00
3.981173748614573960e+00
3.991495813794632141e+00
4.000421811659219173e+00
4.004437822109927936e+00
4.001987608043576117e+00
3.994018819987786628e+00
3.983653034025704365e+00
3.975041247914367304e+00
3.971709657472106247e+00
4.035447346826149584e+00
4.036934052244284921e+00
4.040789981390123131e+00
4.045456259696964096e+00
4.049062236483092825e+00
4.050174284251564671e+00
4.048352401444599735e+00
4.044317970677270502e+00
4.039677957743447401e+00
4.036296652389029127e+00
4.035543392284811404e+00
4.037724458136324301e+00
4.041954242591296875e+00
4.046526010677805374e+00
4.049611084992389642e+00
4.049984943688149208e+00
4.047499717184768642e+00
4.043140486870807848e+00
4.038647143131953499e+00
4.035828999773437786e+00
4.035828999773436010e+00
4.038647143131953499e+00
4.043140486870806072e+00
4.047499717184769530e+00
4.049984943688150096e+00
4.049611084992391419e+00
4.046526010677806262e+00
4.041954242591296875e+00
4.037724458136324301e+00
4.035543392284813180e+00
4.036296652389028239e+00
4.039677957743449177e+00
4.044317970677271390e+00
4.048352401444598847e+00
4.050174284251563783e+00
4.049062236483092825e+00
4.045456259696964985e+00
4.040789981390123131e+00
4.036934052244284032e+00
4.035447346826149584e+00
4.089191160270987169e+00
4.089763759618671557e+00
4.091250876648475199e+00
4.093054444438058326e+00
4.094451159025059184e+00
4.094882416523929258e+00
4.094176011061687603e+00
4.092614085223338805e+00
4.090821702314905828e+00
4.089518214397560136e+00
4.089228138791249911e+00
4.090068357752565831e+00
4.091700472875160699e+00
4.093468523909640666e+00
4.094663974154371999e+00
4.094808971827827548e+00
4.093845624739023137e+00
4.092158833731404322e+00
4.090424087153238908e+00
4.089338111345417026e+00
4.089338111345418803e+00
4.090424087153239796e+00
4.092158833731404322e+00
4.093845624739022249e+00
4.094808971827827548e+00
4.094663974154371111e+00
4.093468523909640666e+00
4.091700472875158923e+00
4.090068357752566719e+00
4.089228138791249023e+00
4.089518214397561913e+00
4.090821702314906716e+00
4.092614085223338805e+00
4.094176011061688492e+00
4.094882416523929258e+00
4.094451159025058296e+00
4.093054444438056549e+00
4.091250876648474311e+00
4.089763759618673333e+00
4.089191160270987169e+00
4.131980291709051123e+00
4.132153202383032742e+00
4.132602496585263907e+00
4.133147830002192435e+00
4.133570472273312646e+00
4.133701027453396293e+00
4.133487190604101968e+00
4.133014637585850970e+00
4.132472799621447201e+00
4.132079048057467396e+00
4.131991456863364220e+00
4.132245202748670465e+00
4.132738393802223520e+00
4.133273099617110091e+00
4.133634894681369687e+00
4.133678791510408068e+00
4.133387204071227394e+00
4.132876970562734620e+00
4.132352663756914346e+00
4.132024662728877473e+00
4.132024662728875697e+00
4.132352663756915234e+00
4.132876970562732843e+00
4.133387204071227394e+00
4.133678791510407180e+00
4.133634894681371463e+00
4.133273099617110979e+00
4.132738393802223520e+00
4.132245202748670465e+00
4.131991456863367773e+00
4.132079048057466508e+00
4.132472799621446313e+00
4.133014637585850970e+00
4.133487190604102857e+00
4.133701027453396293e+00
4.133570472273312646e+00
4.133147830002192435e+00
4.132602496585264795e+00
4.132153202383032742e+00
4.131980291709052011e+00
4.163071740595733594e+00
4.163104796555904485e+00
4.163190702519806052e+00
4.163294996170524342e+00
4.163375844175383200e+00
4.163400821622134984e+00
4.163359911779138223e+00
4.163269520942810331e+00
4.163165902303511245e+00
4.163090619870591702e+00
4.163073874996351620e+00
4.163122385711495177e+00
4.163216689977334184e+00
4.163318957515300234e+00
4.163388169092406166e+00
4.163396567394138437e+00
4.163340784459396815e+00
4.163243191579907077e+00
4.163142931699681526e+00
4.163080222904159911e+00
4.163080222904159911e+00
4.163142931699683302e+00
4.163243191579905300e+00
4.163340784459395927e+00
4.163396567394138437e+00
4.163388169092405278e+00
4.163318957515299346e+00
4.163216689977333296e+00
4.163122385711493401e+00
4.163073874996349844e+00
4.163090619870592590e+00
4.163165902303511245e+00
4.163269520942811219e+00
4.163359911779139111e+00
4.163400821622134984e+00
4.163375844175383200e+00
4.163294996170524342e+00
4.163190702519805164e+00
4.163104796555902709e+00
4.163071740595733594e+00
4.181937221111033942e+00
4.181939247459273368e+00
4.181944513696826071e+00
4.181950907444734078e+00
4.181955864079453633e+00
4.181957395438627323e+00
4.181954887279323074e+00
4.181949345649064398e+00
4.181942993362198990e+00
4.181938378416721669e+00
4.181937351949943427e+00
4.181940325697575567e+00
4.181946106833324350e+00
4.181952376447655162e+00
4.181956619713752765e+00
4.181957134611942628e+00
4.181953714611667650e+00
4.181947731510174293e+00
4.181941585205518841e+00
4.181937741077955906e+00
4.181937741077955906e+00
4.181941585205518841e+00
4.181947731510174293e+00
4.181953714611668538e+00
4.181957134611945293e+00
4.181956619713752765e+00
4.181952376447656050e+00
4.181946106833324350e+00
4.181940325697575567e+00
4.181937351949942538e+00
4.181938378416721669e+00
4.181942993362198990e+00
4.181949345649063510e+00
4.181954887279321298e+00
4.181957395438627323e+00
4.181955864079452745e+00
4.181950907444734966e+00
4.181944513696827848e+00
4.181939247459273368e+00
4.181937221111033942e+00
4.188260765425507515e+00
4.188260765425507515e+00
4.188260765425507515e+00
4.188260765425507515e+00
4.188260765425507515e+00
4.188260765425507515e+00
4.188260765425507515e+00
4.188260765425507515e+00
4.188260765425507515e+00
4.188260765425507515e+00
4.188260765425506627e+00
4.188260765425506627e+00
4.188260765425507515e+00
4.188260765425507515e+00
4.188260765425507515e+00
4.188260765425507515e+00
4.188260765425507515e+00
4.188260765425507515e+00
4.188260765425507515e+00
4.188260765425507515e+00
4.188260765425507515e+00
4.188260765425507515e+00
4.188260765425507515e+00
4.188260765425507515e+00
4.188260765425507515e+00
4.188260765425507515e+00
4.188260765425507515e+00
4.188260765425507515e+00
4.188260765425506627e+00
4.188260765425506627e+00
4.188260765425507515e+00
4.188260765425507515e+00
4.188260765425507515e+00
4.188260765425507515e+00
4.188260765425507515e+00
4.188260765425507515e+00
4.188260765425507515e+00
4.188260765425507515e+00
4.188260765425507515e+00
4.188260765425507515e+00
