2.105995239036369426e+00
2.105995239036369426e+00
2.105995239036369426e+00
2.105995239036369426e+00
2.105995239036369426e+00
2.105995239036369426e+00
2.105995239036369426e+00
2.105995239036369426e+00
2.105995239036369426e+00
2.105995239036369426e+00
2.105995239036369426e+00
2.105995239036369426e+00
2.105995239036369426e+00
2.105995239036369426e+00
2.105995239036369426e+00
2.105995239036369426e+00
2.105995239036369426e+00
2.105995239036369426e+00
2.105995239036369426e+00
2.105995239036369426e+00
2.105995239036369426e+00
2.105995239036369426e+00
2.105995239036369426e+00
2.105995239036369426e+00
2.105995239036369426e+00
2.105995239036369426e+00
2.105995239036369426e+00
2.105995239036369426e+00
2.105995239036369426e+00
2.105995239036369426e+00
2.105995239036369426e+00
2.105995239036369426e+00
2.105995239036369426e+00
2.105995239036369426e+00
2.105995239036369426e+00
2.105995239036369426e+00
2.105995239036369426e+00
2.105995239036369426e+00
2.105995239036369426e+00
2.105995239036369426e+00
2.116057785202430708e+00
2.116946798089781812e+00
2.118795209381514777e+00
2.120568385560155811e+00
2.121741795825368371e+00
2.122078949536250647e+00
2.121521025544011785e+00
2.120167238457254300e+00
2.118309998107537506e+00
2.116582940088826970e+00
2.116119864203058309e+00
2.117369313746029214e+00
2.119272972060693316e+00
2.120930778059851196e+00
2.121909479269653787e+00
2.122022261879310978e+00
2.121249632737010504e+00
2.119733114166380439e+00
2.117829700236262713e+00
2.116300189410475596e+00
2.116300189410475596e+00
2.117829700236262713e+00
2.119733114166380439e+00
2.121249632737010060e+00
2.122022261879310978e+00
2.121909479269653787e+00
2.120930778059851196e+00
2.119272972060692428e+00
2.117369313746029214e+00
2.116119864203057865e+00
2.116582940088827414e+00
2.118309998107536618e+00
2.120167238457254300e+00
2.121521025544012673e+00
2.122078949536250647e+00
2.121741795825368371e+00
2.120568385560155811e+00
2.118795209381514777e+00
2.116946798089781812e+00
2.116057785202430708e+00
2.145705951853123850e+00
2.149120022582887479e+00
2.156207328853067207e+00
2.162983511704126283e+00
2.167453214778406245e+00
2.168735232110571509e+00
2.166613190804038247e+00
2.161452758356347204e+00
2.154348927651071222e+00
2.147722908685231857e+00
2.145944391121204831e+00
2.150741736261941206e+00
2.158035537706826990e+00
2.164365203057884379e+00
2.168090953972665158e+00
2.168519750441414207e+00
2.165579957323279015e+00
2.159794660922825127e+00
2.152507805538394603e+00
2.146636992954442658e+00
2.146636992954442213e+00
2.152507805538394603e+00
2.159794660922825127e+00
2.165579957323279459e+00
2.168519750441415095e+00
2.168090953972665602e+00
2.164365203057884823e+00
2.158035537706827878e+00
2.150741736261941206e+00
2.145944391121204387e+00
2.147722908685231857e+00
2.154348927651071222e+00
2.161452758356346315e+00
2.166613190804039135e+00
2.168735232110571953e+00
2.167453214778406245e+00
2.162983511704125839e+00
2.156207328853067651e+00
2.149120022582887479e+00
2.145705951853123850e+00
2.193400078086459093e+00
2.200569022342052428e+00
2.215415364989357094e+00
2.229533611628858214e+00
2.238796866022238152e+00
2.241446069476799252e+00
2.237059121921832094e+00
2.226351871179368391e+00
2.211529190599600181e+00
2.197635909463619530e+00
2.193900848633325129e+00
2.203971685709929851e+00
2.219232775640478827e+00
2.232401494824848065e+00
2.240115149393064442e+00
2.241001036139773639e+00
2.234919657423452222e+00
2.222900294083616668e+00
2.207673974508577608e+00
2.195355456847053688e+00
2.195355456847053688e+00
2.207673974508577164e+00
2.222900294083616668e+00
2.234919657423452222e+00
2.241001036139773195e+00
2.240115149393063554e+00
2.232401494824848065e+00
2.219232775640480604e+00
2.203971685709929407e+00
2.193900848633326017e+00
2.197635909463618198e+00
2.211529190599601069e+00
2.226351871179367947e+00
2.237059121921832983e+00
2.241446069476798808e+00
2.238796866022238596e+00
2.229533611628858658e+00
2.215415364989357538e+00
2.200569022342052428e+00
2.193400078086459093e+00
2.256809754845304994e+00
2.268338977378658416e+00
2.292140373774709694e+00
2.314604084878199686e+00
2.329230454578083975e+00
2.333395751995522627e+00
2.326493879391545505e+00
2.309558846730755732e+00
2.285924992294329439e+00
2.263622867226918078e+00
2.257615210407889261e+00
2.273806066247315183e+00
2.298233164186602284e+00
2.319142448232589970e+00
2.331304176289560104e+00
2.332696597766152902e+00
2.323120012437301263e+00
2.304073991323539961e+00
2.279747630872240194e+00
2.259954949774900967e+00
2.259954949774901412e+00
2.279747630872240194e+00
2.304073991323539516e+00
2.323120012437301263e+00
2.332696597766152902e+00
2.331304176289560104e+00
2.319142448232590414e+00
2.298233164186603172e+00
2.273806066247315627e+00
2.257615210407889261e+00
2.263622867226918078e+00
2.285924992294329439e+00
2.309558846730754844e+00
2.326493879391545061e+00
2.333395751995522183e+00
2.329230454578084419e+00
2.314604084878200574e+00
2.292140373774709694e+00
2.268338977378658416e+00
2.256809754845304994e+00
2.333089079778914776e+00
2.348782716915029045e+00
2.381048186560546398e+00
2.411181383458313121e+00
2.430586662053634051e+00
2.436078779038155950e+00
2.426969958773992797e+00
2.404446523366827293e+00
2.372649988021291012e+00
2.342364580514684658e+00
2.334185571994964015e+00
2.356215908007297077e+00
2.389257039405875638e+00
2.417221984726475092e+00
2.433322898359710607e+00
2.435158006390842012e+00
2.422501980559834234e+00
2.397102331641853379e+00
2.364281734128952817e+00
2.337371005876422547e+00
2.337371005876422547e+00
2.364281734128952817e+00
2.397102331641853379e+00
2.422501980559835122e+00
2.435158006390842456e+00
2.433322898359710607e+00
2.417221984726475092e+00
2.389257039405875194e+00
2.356215908007297077e+00
2.334185571994964015e+00
2.342364580514684214e+00
2.372649988021290124e+00
2.404446523366826849e+00
2.426969958773992797e+00
2.436078779038155950e+00
2.430586662053634051e+00
2.411181383458312233e+00
2.381048186560546398e+00
2.348782716915029045e+00
2.333089079778914776e+00
2.419148461287726981e+00
2.437835424743889590e+00
2.476021255174321922e+00
2.511130215867142912e+00
2.533365758238855570e+00
2.539599367544839836e+00
2.529246036222993599e+00
2.503340778135408229e+00
2.466129810517781795e+00
2.430196027555330929e+00
2.420454408004747204e+00
2.446670735303182465e+00
2.485648407145521155e+00
2.518085839410778348e+00
2.536474818960190003e+00
2.538556186692614958e+00
2.524140846278620565e+00
2.494807152356605773e+00
2.456236289063402189e+00
2.424248636182283256e+00
2.424248636182282812e+00
2.456236289063401301e+00
2.494807152356605773e+00
2.524140846278620565e+00
2.538556186692614958e+00
2.536474818960190003e+00
2.518085839410778348e+00
2.485648407145522487e+00
2.446670735303182909e+00
2.420454408004747204e+00
2.430196027555330929e+00
2.466129810517782239e+00
2.503340778135409561e+00
2.529246036222994487e+00
2.539599367544839836e+00
2.533365758238855570e+00
2.511130215867142912e+00
2.476021255174321922e+00
2.437835424743890034e+00
2.419148461287726537e+00
2.511876173767424891e+00
2.531171813366339673e+00
2.570189023378823379e+00
2.605172475135036247e+00
2.626746360701676775e+00
2.632703584568885979e+00
2.622786857818226292e+00
2.597501961829686845e+00
2.560161283897206541e+00
2.523290757547174135e+00
2.513225943347519475e+00
2.540263924958907626e+00
2.579882092809740790e+00
2.611973752447318553e+00
2.629722734282776031e+00
2.631709541562391230e+00
2.617855979439427827e+00
2.589036265069241782e+00
2.550070080293207475e+00
2.517147184976043839e+00
2.517147184976043839e+00
2.550070080293207475e+00
2.589036265069241338e+00
2.617855979439428715e+00
2.631709541562392118e+00
2.629722734282776031e+00
2.611973752447318997e+00
2.579882092809742566e+00
2.540263924958908071e+00
2.513225943347520364e+00
2.523290757547174579e+00
2.560161283897206985e+00
2.597501961829686845e+00
2.622786857818226736e+00
2.632703584568885979e+00
2.626746360701676775e+00
2.605172475135036247e+00
2.570189023378823823e+00
2.531171813366339673e+00
2.511876173767424891e+00
2.608292585944942843e+00
2.624199580598585158e+00
2.655730697738026169e+00
2.682837028619865727e+00
2.698855942598241686e+00
2.703176254600585526e+00
2.695959240491645481e+00
2.677007167702434742e+00
2.647737436626171004e+00
2.617717607465805507e+00
2.609408658474908549e+00
2.631640355176208423e+00
2.663368950473519181e+00
2.687948549890759598e+00
2.701020207591314115e+00
2.702458546517414018e+00
2.692324250613238323e+00
2.670495994732938083e+00
2.639609367085312464e+00
2.612648981731087172e+00
2.612648981731086728e+00
2.639609367085312019e+00
2.670495994732938083e+00
2.692324250613237879e+00
2.702458546517414018e+00
2.701020207591313671e+00
2.687948549890759153e+00
2.663368950473520513e+00
2.631640355176208423e+00
2.609408658474908549e+00
2.617717607465806395e+00
2.647737436626170116e+00
2.677007167702435630e+00
2.695959240491645481e+00
2.703176254600585526e+00
2.698855942598241686e+00
2.682837028619865727e+00
2.655730697738026613e+00
2.624199580598585602e+00
2.608292585944942843e+00
2.705641963142420447e+00
2.711859057716936583e+00
2.723717641578613069e+00
2.733234215780933951e+00
2.738513472529522375e+00
2.739891150035607570e+00
2.737578682978158540e+00
2.731247515904727585e+00
2.720783267489033097e+00
2.709339924436338531e+00
2.706081698362863719e+00
2.714721227157277372e+00
2.726469570848218282e+00
2.734947724908581179e+00
2.739206101198475629e+00
2.739663659531342166e+00
2.736393144588283199e+00
2.728988754807652128e+00
2.717746230158224030e+00
2.707355775392899844e+00
2.707355775392900732e+00
2.717746230158224030e+00
2.728988754807651240e+00
2.736393144588284088e+00
2.739663659531342166e+00
2.739206101198475629e+00
2.734947724908582067e+00
2.726469570848218282e+00
2.714721227157279149e+00
2.706081698362863275e+00
2.709339924436338531e+00
2.720783267489033097e+00
2.731247515904727585e+00
2.737578682978158540e+00
2.739891150035607570e+00
2.738513472529522819e+00
2.733234215780933951e+00
2.723717641578612181e+00
2.711859057716937471e+00
2.705641963142420447e+00
2.801436873761022461e+00
2.788237659751032105e+00
2.764792004523275448e+00
2.747793664719402340e+00
2.739096310746650609e+00
2.736913237324720249e+00
2.740597974809138027e+00
2.751202867601917568e+00
2.770367719661496864e+00
2.793516133733975337e+00
2.800484648770009688e+00
2.782361901188040498e+00
2.759704261161759042e+00
2.744913017474532424e+00
2.737994295644341936e+00
2.737271253732899812e+00
2.742526188406171350e+00
2.755168907564847114e+00
2.776298285262715382e+00
2.797741259715305073e+00
2.797741259715305073e+00
2.776298285262715382e+00
2.755168907564847114e+00
2.742526188406170906e+00
2.737271253732899812e+00
2.737994295644341491e+00
2.744913017474532424e+00
2.759704261161759931e+00
2.782361901188040054e+00
2.800484648770009688e+00
2.793516133733974893e+00
2.770367719661497308e+00
2.751202867601917568e+00
2.740597974809138471e+00
2.736913237324719361e+00
2.739096310746650609e+00
2.747793664719402340e+00
2.764792004523275448e+00
2.788237659751032105e+00
2.801436873761022461e+00
2.893471499362097354e+00
2.846236117345109840e+00
2.771756052082126498e+00
2.724156703571436022e+00
2.701835255843868744e+00
2.696450136248546681e+00
2.705590279803098408e+00
2.733283077744131262e+00
2.788513458067801487e+00
2.864586649629776272e+00
2.889903909868519527e+00
2.826546125253362796e+00
2.756959988537724282e+00
2.716610370144815878e+00
2.699105912204122770e+00
2.697327278675211826e+00
2.710472560273289755e+00
2.744165789066001615e+00
2.806971562303941070e+00
2.879776658282682256e+00
2.879776658282683144e+00
2.806971562303941514e+00
2.744165789066001615e+00
2.710472560273290199e+00
2.697327278675211826e+00
2.699105912204122770e+00
2.716610370144816322e+00
2.756959988537724726e+00
2.826546125253362352e+00
2.889903909868518195e+00
2.864586649629776716e+00
2.788513458067803263e+00
2.733283077744131262e+00
2.705590279803098408e+00
2.696450136248546681e+00
2.701835255843868744e+00
2.724156703571436022e+00
2.771756052082126054e+00
2.846236117345109395e+00
2.893471499362097354e+00
2.979817117375661795e+00
2.878263467201620518e+00
2.743217844060177324e+00
2.667299442236028106e+00
2.634635151015741528e+00
2.627056750321471235e+00
2.639990046248802180e+00
2.681216216999300350e+00
2.771823168334626164e+00
2.915466861496068596e+00
2.971337447237826446e+00
2.840415994393010291e+00
2.718755556692526998e+00
2.656034665461787903e+00
2.630779228408819836e+00
2.628282971627658338e+00
2.647038202262088635e+00
2.698218859823964255e+00
2.804447489604338095e+00
2.948188538725067698e+00
2.948188538725067698e+00
2.804447489604338983e+00
2.698218859823964255e+00
2.647038202262088635e+00
2.628282971627658338e+00
2.630779228408820281e+00
2.656034665461788347e+00
2.718755556692527442e+00
2.840415994393008958e+00
2.971337447237825558e+00
2.915466861496069928e+00
2.771823168334627496e+00
2.681216216999300350e+00
2.639990046248802180e+00
2.627056750321472123e+00
2.634635151015741528e+00
2.667299442236028106e+00
2.743217844060176880e+00
2.878263467201620518e+00
2.979817117375661795e+00
3.058808966306788335e+00
2.879541690775151430e+00
2.684408734825789455e+00
2.586446001293641217e+00
2.547939844868072790e+00
2.539369384171938471e+00
2.554080117278989093e+00
2.603581307024821712e+00
2.723738287673576064e+00
2.938875445868843084e+00
3.040508298274033461e+00
2.822307877219735417e+00
2.651723266437863824e+00
2.572887010867829005e+00
2.543561565962860982e+00
2.540746565458009254e+00
2.562266977745548235e+00
2.625057266358941543e+00
2.769883555161521294e+00
2.995530218936646172e+00
2.995530218936647060e+00
2.769883555161522626e+00
2.625057266358941543e+00
2.562266977745548679e+00
2.540746565458008810e+00
2.543561565962860982e+00
2.572887010867829005e+00
2.651723266437865156e+00
2.822307877219734529e+00
3.040508298274033461e+00
2.938875445868845304e+00
2.723738287673576064e+00
2.603581307024822156e+00
2.554080117278989537e+00
2.539369384171937583e+00
2.547939844868072790e+00
2.586446001293641217e+00
2.684408734825789455e+00
2.879541690775151430e+00
3.058808966306788335e+00
3.129030189729822276e+00
2.852515741065126065e+00
2.603962845846093721e+00
2.491476123098923079e+00
2.451825145415402751e+00
2.443411339279806693e+00
2.457946515098436979e+00
2.510050391629213173e+00
2.652375606837592770e+00
2.932266848789044200e+00
3.088976946162298454e+00
2.777786205314392465e+00
2.564898460293131954e+00
2.477175033509489310e+00
2.447507899984028956e+00
2.444753093993206505e+00
2.466228643067386095e+00
2.534065870244981866e+00
2.710527210991409142e+00
3.013553200936614385e+00
3.013553200936615717e+00
2.710527210991410030e+00
2.534065870244981866e+00
2.466228643067386539e+00
2.444753093993206505e+00
2.447507899984028956e+00
2.477175033509489310e+00
2.564898460293131066e+00
2.777786205314393797e+00
3.088976946162296233e+00
2.932266848789046421e+00
2.652375606837593214e+00
2.510050391629213173e+00
2.457946515098436979e+00
2.443411339279807137e+00
2.451825145415402307e+00
2.491476123098923079e+00
2.603962845846093277e+00
2.852515741065124733e+00
3.129030189729822276e+00
3.189296032374981493e+00
2.806475086380677553e+00
2.510427366326313692e+00
2.391458384179514951e+00
2.355219276888802060e+00
2.347949867981506511e+00
2.360599456301007315e+00
2.409558388503723503e+00
2.566623947823831742e+00
2.902280106762190393e+00
3.101529098423272846e+00
2.716664887774497661e+00
2.466818806063866276e+00
2.378008170595311110e+00
2.351471193519227398e+00
2.349099463309753499e+00
2.368002790094188903e+00
2.433970356486505171e+00
2.635830547488424269e+00
3.001401780154934862e+00
3.001401780154937082e+00
2.635830547488425157e+00
2.433970356486504727e+00
2.368002790094188903e+00
2.349099463309753499e+00
2.351471193519228287e+00
2.378008170595310666e+00
2.466818806063866276e+00
2.716664887774496329e+00
3.101529098423273290e+00
2.902280106762192169e+00
2.566623947823833518e+00
2.409558388503723947e+00
2.360599456301007315e+00
2.347949867981506511e+00
2.355219276888802060e+00
2.391458384179514507e+00
2.510427366326313692e+00
2.806475086380677109e+00
3.189296032374981493e+00
3.152555312873778881e+00
2.752696488399343888e+00
2.410865428584219039e+00
2.294799156076971158e+00
2.266066719920446282e+00
2.260661331633148752e+00
2.270140816193219280e+00
2.310341367186651507e+00
2.474081857577865584e+00
2.861095961192692272e+00
3.077843431122808671e+00
2.649083811297871627e+00
2.364779216943556861e+00
2.283773493162555734e+00
2.263265706578021952e+00
2.261508713001955773e+00
2.275852723171448488e+00
2.332596252838626594e+00
2.554605023620907911e+00
2.970812954204851142e+00
2.970812954204852918e+00
2.554605023620910575e+00
2.332596252838626150e+00
2.275852723171448488e+00
2.261508713001955773e+00
2.263265706578021952e+00
2.283773493162555734e+00
2.364779216943556417e+00
2.649083811297872071e+00
3.077843431122808671e+00
2.861095961192694492e+00
2.474081857577867805e+00
2.310341367186651507e+00
2.270140816193219280e+00
2.260661331633148752e+00
2.266066719920446282e+00
2.294799156076970714e+00
2.410865428584218595e+00
2.752696488399342556e+00
3.152555312873778881e+00
3.102246365106334558e+00
2.701295538526118811e+00
2.310885768245078964e+00
2.209903936876374431e+00
2.191514496435338799e+00
2.188279996571311337e+00
2.193995491452555235e+00
2.220824567268738559e+00
2.380932552339173114e+00
2.820145370990246203e+00
3.043093032625692196e+00
2.584319609249559946e+00
2.265451227678419333e+00
2.202590553339554003e+00
2.189830485866429921e+00
2.188782888270361493e+00
2.197539903317338617e+00
2.237828733591476826e+00
2.474794392331491011e+00
2.936554985623951008e+00
2.936554985623953673e+00
2.474794392331493675e+00
2.237828733591476826e+00
2.197539903317339061e+00
2.188782888270361493e+00
2.189830485866430365e+00
2.202590553339554003e+00
2.265451227678418888e+00
2.584319609249559502e+00
3.043093032625692196e+00
2.820145370990248423e+00
2.380932552339174002e+00
2.220824567268738559e+00
2.193995491452555235e+00
2.188279996571311337e+00
2.191514496435338799e+00
2.209903936876374431e+00
2.310885768245078520e+00
2.701295538526117035e+00
3.102246365106334558e+00
3.067366362434061244e+00
2.660857399324163985e+00
2.215184269003476647e+00
2.145610391903666869e+00
2.137768115825690707e+00
2.136468565899116268e+00
2.138779205345858969e+00
2.150724551089837622e+00
2.293036249659587522e+00
2.787975113702478858e+00
3.014519254691166328e+00
2.531661242569354542e+00
2.176892444186599107e+00
2.142389203534798892e+00
2.137088976878483315e+00
2.136669291308187280e+00
2.140246814006056653e+00
2.159572124324853348e+00
2.405370678680438967e+00
2.908914818130992064e+00
2.908914818130993840e+00
2.405370678680440744e+00
2.159572124324853348e+00
2.140246814006056653e+00
2.136669291308187280e+00
2.137088976878483315e+00
2.142389203534798892e+00
2.176892444186599107e+00
2.531661242569353654e+00
3.014519254691164996e+00
2.787975113702481078e+00
2.293036249659588854e+00
2.150724551089837622e+00
2.138779205345858969e+00
2.136468565899116268e+00
2.137768115825690707e+00
2.145610391903666869e+00
2.215184269003475759e+00
2.660857399324163541e+00
3.067366362434061244e+00
3.049500778315023197e+00
2.638448992208822119e+00
2.129967471272067314e+00
2.110538580136644526e+00
2.109582744850313052e+00
2.109429996854141454e+00
2.109702550178422786e+00
2.111202759572247345e+00
2.222060390580043343e+00
2.770373010105677380e+00
2.998988522185453753e+00
2.501218214566285347e+00
2.115543990451679957e+00
2.110138072332313985e+00
2.109502752078061150e+00
2.109453503148807307e+00
2.109878071114251075e+00
2.112459339501322919e+00
2.360777453025113104e+00
2.893755888933030818e+00
2.893755888933033482e+00
2.360777453025115324e+00
2.112459339501322475e+00
2.109878071114251519e+00
2.109453503148806863e+00
2.109502752078061150e+00
2.110138072332313985e+00
2.115543990451679957e+00
2.501218214566283571e+00
2.998988522185452865e+00
2.770373010105680045e+00
2.222060390580046452e+00
2.111202759572247345e+00
2.109702550178422786e+00
2.109429996854141454e+00
2.109582744850313052e+00
2.110538580136644526e+00
2.129967471272066870e+00
2.638448992208820343e+00
3.049500778315022309e+00
3.049500778315023197e+00
2.638448992208822119e+00
2.129967471272066870e+00
2.110538580136644971e+00
2.109582744850312608e+00
2.109429996854141454e+00
2.109702550178423230e+00
2.111202759572247345e+00
2.222060390580042455e+00
2.770373010105677825e+00
2.998988522185454642e+00
2.501218214566285791e+00
2.115543990451679957e+00
2.110138072332314430e+00
2.109502752078061594e+00
2.109453503148807307e+00
2.109878071114251519e+00
2.112459339501322475e+00
2.360777453025114436e+00
2.893755888933031706e+00
2.893755888933033482e+00
2.360777453025116213e+00
2.112459339501322475e+00
2.109878071114251963e+00
2.109453503148807307e+00
2.109502752078061594e+00
2.110138072332314430e+00
2.115543990451679957e+00
2.501218214566284459e+00
2.998988522185452865e+00
2.770373010105680489e+00
2.222060390580046896e+00
2.111202759572247345e+00
2.109702550178423230e+00
2.109429996854141454e+00
2.109582744850313052e+00
2.110538580136644971e+00
2.129967471272066870e+00
2.638448992208821231e+00
3.049500778315022309e+00
3.067366362434061244e+00
2.660857399324164874e+00
2.215184269003476647e+00
2.145610391903666869e+00
2.137768115825690707e+00
2.136468565899115823e+00
2.138779205345858969e+00
2.150724551089836734e+00
2.293036249659587078e+00
2.787975113702478858e+00
3.014519254691165884e+00
2.531661242569354098e+00
2.176892444186599107e+00
2.142389203534798892e+00
2.137088976878482871e+00
2.136669291308186835e+00
2.140246814006056209e+00
2.159572124324852904e+00
2.405370678680438079e+00
2.908914818130991620e+00
2.908914818130993396e+00
2.405370678680440744e+00
2.159572124324852904e+00
2.140246814006056209e+00
2.136669291308186835e+00
2.137088976878482871e+00
2.142389203534798892e+00
2.176892444186599107e+00
2.531661242569352765e+00
3.014519254691165440e+00
2.787975113702480634e+00
2.293036249659588854e+00
2.150724551089837178e+00
2.138779205345858969e+00
2.136468565899115823e+00
2.137768115825690707e+00
2.145610391903666869e+00
2.215184269003475759e+00
2.660857399324163985e+00
3.067366362434061244e+00
3.102246365106334558e+00
2.701295538526117923e+00
2.310885768245078520e+00
2.209903936876374431e+00
2.191514496435338355e+00
2.188279996571311337e+00
2.193995491452555235e+00
2.220824567268738559e+00
2.380932552339172226e+00
2.820145370990246203e+00
3.043093032625692196e+00
2.584319609249559502e+00
2.265451227678418888e+00
2.202590553339554003e+00
2.189830485866429921e+00
2.188782888270361493e+00
2.197539903317338617e+00
2.237828733591476826e+00
2.474794392331491011e+00
2.936554985623951897e+00
2.936554985623953673e+00
2.474794392331494119e+00
2.237828733591476826e+00
2.197539903317339061e+00
2.188782888270361493e+00
2.189830485866430365e+00
2.202590553339554003e+00
2.265451227678418888e+00
2.584319609249558614e+00
3.043093032625692196e+00
2.820145370990248423e+00
2.380932552339173558e+00
2.220824567268738559e+00
2.193995491452555235e+00
2.188279996571311337e+00
2.191514496435338799e+00
2.209903936876374431e+00
2.310885768245078520e+00
2.701295538526116147e+00
3.102246365106334558e+00
3.152555312873777993e+00
2.752696488399343888e+00
2.410865428584218595e+00
2.294799156076970714e+00
2.266066719920446282e+00
2.260661331633148308e+00
2.270140816193219280e+00
2.310341367186651063e+00
2.474081857577866028e+00
2.861095961192689607e+00
3.077843431122808671e+00
2.649083811297872071e+00
2.364779216943555973e+00
2.283773493162555734e+00
2.263265706578021508e+00
2.261508713001955773e+00
2.275852723171448044e+00
2.332596252838625706e+00
2.554605023620907467e+00
2.970812954204851142e+00
2.970812954204855583e+00
2.554605023620909243e+00
2.332596252838626150e+00
2.275852723171448488e+00
2.261508713001955329e+00
2.263265706578021508e+00
2.283773493162554846e+00
2.364779216943555529e+00
2.649083811297871627e+00
3.077843431122808671e+00
2.861095961192693160e+00
2.474081857577868249e+00
2.310341367186651063e+00
2.270140816193218836e+00
2.260661331633148308e+00
2.266066719920446282e+00
2.294799156076970714e+00
2.410865428584218151e+00
2.752696488399342556e+00
3.152555312873777993e+00
3.189296032374981493e+00
2.806475086380677553e+00
2.510427366326313692e+00
2.391458384179514507e+00
2.355219276888801616e+00
2.347949867981506067e+00
2.360599456301006871e+00
2.409558388503723059e+00
2.566623947823832186e+00
2.902280106762191281e+00
3.101529098423273290e+00
2.716664887774497661e+00
2.466818806063865832e+00
2.378008170595310666e+00
2.351471193519227398e+00
2.349099463309753499e+00
2.368002790094188459e+00
2.433970356486504283e+00
2.635830547488423825e+00
3.001401780154934862e+00
3.001401780154936638e+00
2.635830547488425157e+00
2.433970356486503839e+00
2.368002790094188903e+00
2.349099463309753499e+00
2.351471193519227398e+00
2.378008170595309778e+00
2.466818806063865832e+00
2.716664887774496329e+00
3.101529098423272846e+00
2.902280106762192169e+00
2.566623947823833518e+00
2.409558388503723503e+00
2.360599456301007315e+00
2.347949867981505623e+00
2.355219276888801616e+00
2.391458384179514063e+00
2.510427366326313248e+00
2.806475086380677109e+00
3.189296032374981493e+00
3.129030189729822720e+00
2.852515741065126065e+00
2.603962845846093277e+00
2.491476123098923079e+00
2.451825145415402307e+00
2.443411339279806249e+00
2.457946515098436535e+00
2.510050391629212729e+00
2.652375606837591437e+00
2.932266848789044644e+00
3.088976946162298454e+00
2.777786205314392909e+00
2.564898460293131066e+00
2.477175033509488422e+00
2.447507899984028512e+00
2.444753093993206505e+00
2.466228643067385651e+00
2.534065870244981422e+00
2.710527210991409142e+00
3.013553200936613941e+00
3.013553200936616161e+00
2.710527210991410030e+00
2.534065870244981422e+00
2.466228643067385651e+00
2.444753093993206505e+00
2.447507899984028512e+00
2.477175033509488422e+00
2.564898460293131066e+00
2.777786205314392465e+00
3.088976946162298010e+00
2.932266848789046865e+00
2.652375606837593214e+00
2.510050391629212729e+00
2.457946515098436535e+00
2.443411339279806693e+00
2.451825145415402307e+00
2.491476123098922635e+00
2.603962845846092833e+00
2.852515741065124288e+00
3.129030189729822720e+00
3.058808966306788335e+00
2.879541690775151430e+00
2.684408734825789011e+00
2.586446001293640773e+00
2.547939844868072345e+00
2.539369384171937583e+00
2.554080117278988205e+00
2.603581307024821712e+00
2.723738287673576508e+00
2.938875445868844416e+00
3.040508298274033017e+00
2.822307877219734085e+00
2.651723266437864268e+00
2.572887010867829005e+00
2.543561565962860094e+00
2.540746565458007922e+00
2.562266977745547791e+00
2.625057266358941543e+00
2.769883555161520849e+00
2.995530218936646172e+00
2.995530218936647060e+00
2.769883555161522182e+00
2.625057266358941543e+00
2.562266977745548235e+00
2.540746565458007922e+00
2.543561565962860094e+00
2.572887010867828561e+00
2.651723266437863824e+00
2.822307877219732752e+00
3.040508298274033461e+00
2.938875445868846192e+00
2.723738287673577396e+00
2.603581307024821712e+00
2.554080117278988205e+00
2.539369384171937583e+00
2.547939844868071901e+00
2.586446001293640773e+00
2.684408734825788123e+00
2.879541690775151430e+00
3.058808966306789223e+00
2.979817117375662239e+00
2.878263467201620518e+00
2.743217844060176880e+00
2.667299442236027218e+00
2.634635151015741528e+00
2.627056750321471235e+00
2.639990046248801736e+00
2.681216216999300350e+00
2.771823168334626164e+00
2.915466861496069484e+00
2.971337447237826446e+00
2.840415994393010735e+00
2.718755556692528330e+00
2.656034665461787903e+00
2.630779228408819836e+00
2.628282971627658338e+00
2.647038202262088191e+00
2.698218859823964255e+00
2.804447489604338095e+00
2.948188538725067698e+00
2.948188538725068142e+00
2.804447489604338539e+00
2.698218859823964255e+00
2.647038202262088635e+00
2.628282971627658338e+00
2.630779228408819392e+00
2.656034665461787903e+00
2.718755556692526554e+00
2.840415994393009846e+00
2.971337447237825558e+00
2.915466861496070372e+00
2.771823168334626608e+00
2.681216216999300350e+00
2.639990046248801736e+00
2.627056750321472123e+00
2.634635151015741528e+00
2.667299442236027218e+00
2.743217844060176880e+00
2.878263467201620518e+00
2.979817117375660906e+00
2.893471499362097354e+00
2.846236117345110728e+00
2.771756052082126498e+00
2.724156703571435578e+00
2.701835255843867856e+00
2.696450136248546237e+00
2.705590279803097964e+00
2.733283077744130818e+00
2.788513458067803263e+00
2.864586649629776716e+00
2.889903909868518639e+00
2.826546125253362796e+00
2.756959988537724282e+00
2.716610370144815878e+00
2.699105912204122326e+00
2.697327278675211826e+00
2.710472560273289755e+00
2.744165789066000727e+00
2.806971562303941070e+00
2.879776658282681812e+00
2.879776658282682700e+00
2.806971562303941070e+00
2.744165789066001615e+00
2.710472560273290199e+00
2.697327278675211382e+00
2.699105912204122326e+00
2.716610370144815878e+00
2.756959988537723394e+00
2.826546125253362796e+00
2.889903909868518195e+00
2.864586649629776716e+00
2.788513458067804596e+00
2.733283077744130818e+00
2.705590279803097964e+00
2.696450136248546237e+00
2.701835255843868744e+00
2.724156703571435578e+00
2.771756052082126054e+00
2.846236117345109395e+00
2.893471499362097354e+00
2.801436873761022905e+00
2.788237659751032105e+00
2.764792004523275448e+00
2.747793664719402340e+00
2.739096310746650609e+00
2.736913237324719361e+00
2.740597974809138027e+00
2.751202867601916680e+00
2.770367719661497752e+00
2.793516133733974449e+00
2.800484648770011464e+00
2.782361901188040498e+00
2.759704261161759042e+00
2.744913017474532424e+00
2.737994295644341936e+00
2.737271253732899812e+00
2.742526188406171350e+00
2.755168907564847114e+00
2.776298285262715382e+00
2.797741259715305073e+00
2.797741259715305073e+00
2.776298285262715382e+00
2.755168907564847558e+00
2.742526188406171350e+00
2.737271253732899812e+00
2.737994295644341936e+00
2.744913017474532424e+00
2.759704261161759042e+00
2.782361901188040498e+00
2.800484648770011908e+00
2.793516133733975781e+00
2.770367719661499528e+00
2.751202867601917568e+00
2.740597974809138027e+00
2.736913237324720249e+00
2.739096310746650609e+00
2.747793664719402340e+00
2.764792004523275448e+00
2.788237659751032105e+00
2.801436873761022905e+00
2.705641963142421780e+00
2.711859057716937471e+00
2.723717641578613069e+00
2.733234215780933951e+00
2.738513472529522819e+00
2.739891150035607570e+00
2.737578682978158540e+00
2.731247515904728473e+00
2.720783267489034429e+00
2.709339924436339864e+00
2.706081698362863275e+00
2.714721227157279149e+00
2.726469570848219615e+00
2.734947724908581179e+00
2.739206101198475629e+00
2.739663659531342166e+00
2.736393144588283199e+00
2.728988754807652573e+00
2.717746230158224474e+00
2.707355775392901176e+00
2.707355775392901176e+00
2.717746230158224474e+00
2.728988754807652128e+00
2.736393144588284088e+00
2.739663659531342166e+00
2.739206101198475629e+00
2.734947724908581179e+00
2.726469570848219615e+00
2.714721227157279149e+00
2.706081698362863719e+00
2.709339924436340308e+00
2.720783267489034873e+00
2.731247515904728917e+00
2.737578682978158540e+00
2.739891150035608014e+00
2.738513472529522819e+00
2.733234215780934839e+00
2.723717641578613513e+00
2.711859057716937471e+00
2.705641963142421780e+00
2.608292585944943731e+00
2.624199580598585602e+00
2.655730697738026613e+00
2.682837028619865727e+00
2.698855942598242130e+00
2.703176254600585970e+00
2.695959240491645481e+00
2.677007167702434298e+00
2.647737436626170116e+00
2.617717607465805507e+00
2.609408658474910325e+00
2.631640355176208423e+00
2.663368950473519625e+00
2.687948549890760042e+00
2.701020207591314115e+00
2.702458546517414018e+00
2.692324250613238323e+00
2.670495994732938527e+00
2.639609367085312464e+00
2.612648981731087172e+00
2.612648981731087616e+00
2.639609367085312464e+00
2.670495994732938527e+00
2.692324250613238323e+00
2.702458546517414462e+00
2.701020207591314115e+00
2.687948549890760042e+00
2.663368950473520513e+00
2.631640355176208423e+00
2.609408658474909881e+00
2.617717607465807284e+00
2.647737436626171004e+00
2.677007167702435630e+00
2.695959240491645481e+00
2.703176254600585970e+00
2.698855942598241686e+00
2.682837028619866171e+00
2.655730697738027501e+00
2.624199580598586046e+00
2.608292585944944175e+00
2.511876173767424891e+00
2.531171813366339673e+00
2.570189023378823379e+00
2.605172475135036247e+00
2.626746360701676775e+00
2.632703584568886868e+00
2.622786857818226736e+00
2.597501961829686845e+00
2.560161283897208317e+00
2.523290757547175467e+00
2.513225943347520364e+00
2.540263924958908959e+00
2.579882092809742566e+00
2.611973752447318553e+00
2.629722734282776031e+00
2.631709541562392118e+00
2.617855979439428715e+00
2.589036265069241782e+00
2.550070080293207475e+00
2.517147184976044727e+00
2.517147184976044727e+00
2.550070080293207475e+00
2.589036265069241782e+00
2.617855979439428715e+00
2.631709541562392562e+00
2.629722734282776031e+00
2.611973752447318553e+00
2.579882092809742566e+00
2.540263924958908071e+00
2.513225943347521252e+00
2.523290757547175911e+00
2.560161283897208762e+00
2.597501961829685513e+00
2.622786857818226736e+00
2.632703584568886868e+00
2.626746360701676775e+00
2.605172475135036247e+00
2.570189023378823823e+00
2.531171813366341006e+00
2.511876173767424891e+00
2.419148461287726981e+00
2.437835424743889590e+00
2.476021255174321922e+00
2.511130215867142912e+00
2.533365758238856458e+00
2.539599367544839836e+00
2.529246036222994931e+00
2.503340778135410449e+00
2.466129810517784016e+00
2.430196027555332261e+00
2.420454408004747648e+00
2.446670735303182909e+00
2.485648407145520267e+00
2.518085839410777904e+00
2.536474818960190003e+00
2.538556186692615402e+00
2.524140846278620565e+00
2.494807152356605773e+00
2.456236289063402189e+00
2.424248636182283256e+00
2.424248636182283256e+00
2.456236289063402189e+00
2.494807152356605773e+00
2.524140846278621453e+00
2.538556186692614958e+00
2.536474818960189559e+00
2.518085839410778348e+00
2.485648407145520267e+00
2.446670735303182909e+00
2.420454408004746760e+00
2.430196027555330929e+00
2.466129810517783127e+00
2.503340778135409117e+00
2.529246036222994931e+00
2.539599367544839836e+00
2.533365758238856458e+00
2.511130215867142912e+00
2.476021255174322366e+00
2.437835424743890034e+00
2.419148461287726981e+00
2.333089079778915220e+00
2.348782716915029489e+00
2.381048186560546398e+00
2.411181383458313121e+00
2.430586662053634051e+00
2.436078779038156394e+00
2.426969958773993685e+00
2.404446523366826405e+00
2.372649988021291012e+00
2.342364580514684658e+00
2.334185571994963126e+00
2.356215908007297966e+00
2.389257039405875638e+00
2.417221984726474648e+00
2.433322898359710607e+00
2.435158006390842456e+00
2.422501980559834678e+00
2.397102331641853823e+00
2.364281734128952817e+00
2.337371005876422547e+00
2.337371005876422547e+00
2.364281734128953261e+00
2.397102331641853379e+00
2.422501980559834234e+00
2.435158006390842456e+00
2.433322898359710607e+00
2.417221984726475092e+00
2.389257039405875638e+00
2.356215908007297077e+00
2.334185571994964903e+00
2.342364580514684214e+00
2.372649988021291012e+00
2.404446523366827293e+00
2.426969958773993241e+00
2.436078779038155950e+00
2.430586662053634051e+00
2.411181383458313121e+00
2.381048186560546842e+00
2.348782716915029045e+00
2.333089079778915220e+00
2.256809754845305438e+00
2.268338977378658416e+00
2.292140373774710582e+00
2.314604084878201018e+00
2.329230454578085308e+00
2.333395751995523071e+00
2.326493879391545505e+00
2.309558846730755732e+00
2.285924992294330327e+00
2.263622867226919411e+00
2.257615210407889261e+00
2.273806066247316515e+00
2.298233164186603172e+00
2.319142448232590858e+00
2.331304176289560992e+00
2.332696597766153790e+00
2.323120012437301263e+00
2.304073991323540405e+00
2.279747630872240638e+00
2.259954949774901412e+00
2.259954949774901856e+00
2.279747630872240638e+00
2.304073991323540405e+00
2.323120012437301263e+00
2.332696597766153346e+00
2.331304176289560104e+00
2.319142448232589970e+00
2.298233164186604061e+00
2.273806066247315627e+00
2.257615210407889705e+00
2.263622867226918522e+00
2.285924992294330771e+00
2.309558846730756176e+00
2.326493879391545061e+00
2.333395751995523515e+00
2.329230454578084863e+00
2.314604084878200574e+00
2.292140373774710582e+00
2.268338977378658416e+00
2.256809754845305438e+00
2.193400078086459537e+00
2.200569022342053316e+00
2.215415364989357982e+00
2.229533611628858658e+00
2.238796866022238596e+00
2.241446069476799696e+00
2.237059121921832983e+00
2.226351871179368835e+00
2.211529190599601513e+00
2.197635909463619974e+00
2.193900848633324685e+00
2.203971685709930739e+00
2.219232775640478827e+00
2.232401494824848953e+00
2.240115149393064886e+00
2.241001036139774527e+00
2.234919657423452666e+00
2.222900294083617112e+00
2.207673974508577608e+00
2.195355456847054132e+00
2.195355456847054132e+00
2.207673974508577164e+00
2.222900294083617112e+00
2.234919657423452666e+00
2.241001036139774083e+00
2.240115149393064442e+00
2.232401494824848065e+00
2.219232775640479272e+00
2.203971685709929851e+00
2.193900848633326017e+00
2.197635909463619530e+00
2.211529190599601069e+00
2.226351871179367947e+00
2.237059121921832983e+00
2.241446069476799252e+00
2.238796866022238596e+00
2.229533611628859102e+00
2.215415364989357982e+00
2.200569022342053316e+00
2.193400078086459981e+00
2.145705951853123850e+00
2.149120022582888367e+00
2.156207328853068095e+00
2.162983511704126283e+00
2.167453214778406245e+00
2.168735232110572841e+00
2.166613190804039135e+00
2.161452758356347204e+00
2.154348927651071666e+00
2.147722908685231857e+00
2.145944391121205275e+00
2.150741736261941650e+00
2.158035537706827434e+00
2.164365203057884823e+00
2.168090953972666046e+00
2.168519750441415095e+00
2.165579957323279459e+00
2.159794660922825127e+00
2.152507805538395047e+00
2.146636992954442658e+00
2.146636992954442658e+00
2.152507805538395047e+00
2.159794660922825127e+00
2.165579957323279015e+00
2.168519750441415095e+00
2.168090953972665602e+00
2.164365203057884823e+00
2.158035537706827878e+00
2.150741736261942538e+00
2.145944391121205719e+00
2.147722908685231857e+00
2.154348927651072110e+00
2.161452758356347204e+00
2.166613190804038247e+00
2.168735232110572397e+00
2.167453214778406245e+00
2.162983511704125839e+00
2.156207328853068095e+00
2.149120022582887479e+00
2.145705951853123850e+00
2.116057785202431152e+00
2.116946798089781812e+00
2.118795209381514777e+00
2.120568385560155811e+00
2.121741795825368371e+00
2.122078949536251535e+00
2.121521025544012673e+00
2.120167238457253411e+00
2.118309998107536174e+00
2.116582940088827414e+00
2.116119864203057865e+00
2.117369313746030546e+00
2.119272972060692428e+00
2.120930778059851196e+00
2.121909479269653787e+00
2.122022261879311422e+00
2.121249632737010504e+00
2.119733114166380439e+00
2.117829700236262713e+00
2.116300189410475596e+00
2.116300189410474708e+00
2.117829700236263157e+00
2.119733114166380439e+00
2.121249632737010504e+00
2.122022261879310978e+00
2.121909479269652898e+00
2.120930778059850752e+00
2.119272972060692428e+00
2.117369313746030546e+00
2.116119864203059198e+00
2.116582940088826970e+00
2.118309998107535286e+00
2.120167238457252967e+00
2.121521025544011341e+00
2.122078949536251535e+00
2.121741795825368371e+00
2.120568385560155811e+00
2.118795209381514777e+00
2.116946798089781812e+00
2.116057785202431152e+00
2.105995239036369426e+00
2.105995239036369426e+00
2.105995239036369426e+00
2.105995239036369426e+00
2.105995239036369426e+00
2.105995239036369426e+00
2.105995239036369426e+00
2.105995239036369426e+00
2.105995239036369426e+00
2.105995239036369426e+00
2.105995239036369426e+00
2.105995239036369426e+00
2.105995239036369426e+00
2.105995239036369426e+00
2.105995239036369426e+00
2.105995239036369426e+00
2.105995239036369426e+00
2.105995239036369426e+00
2.105995239036369426e+00
2.105995239036369426e+00
2.105995239036369426e+00
2.105995239036369426e+00
2.105995239036369426e+00
2.105995239036369426e+00
2.105995239036369426e+00
2.105995239036369426e+00
2.105995239036369426e+00
2.105995239036369426e+00
2.105995239036369426e+00
2.105995239036369426e+00
2.105995239036369426e+00
2.105995239036369426e+00
2.105995239036369426e+00
2.105995239036369426e+00
2.105995239036369426e+00
2.105995239036369426e+00
2.105995239036369426e+00
2.105995239036369426e+00
2.105995239036369426e+00
2.105995239036369426e+00
