2.105995239036369426e+00
2.105995239036369426e+00
2.105995239036369426e+00
2.105995239036369426e+00
2.105995239036369426e+00
2.105995239036369426e+00
2.105995239036369426e+00
2.105995239036369426e+00
2.105995239036369426e+00
2.105995239036369426e+00
2.105995239036369426e+00
2.105995239036369426e+00
2.105995239036369426e+00
2.105995239036369426e+00
2.105995239036369426e+00
2.105995239036369426e+00
2.105995239036369426e+00
2.105995239036369426e+00
2.105995239036369426e+00
2.105995239036369426e+00
2.105995239036369426e+00
2.105995239036369426e+00
2.105995239036369426e+00
2.105995239036369426e+00
2.105995239036369426e+00
2.105995239036369426e+00
2.105995239036369426e+00
2.105995239036369426e+00
2.105995239036369426e+00
2.105995239036369426e+00
2.105995239036369426e+00
2.105995239036369426e+00
2.105995239036369426e+00
2.105995239036369426e+00
2.105995239036369426e+00
2.105995239036369426e+00
2.105995239036369426e+00
2.105995239036369426e+00
2.105995239036369426e+00
2.105995239036369426e+00
2.105870355346850520e+00
2.104972638723736189e+00
2.103101607203349932e+00
2.101300967268446396e+00
2.100106265858369792e+00
2.099762534152289195e+00
2.100331231995001158e+00
2.101708822971497970e+00
2.103593348854483569e+00
2.105340229513657846e+00
2.105807714357962102e+00
2.104545491708241123e+00
2.102617001403963570e+00
2.100932264724542531e+00
2.099935336570223132e+00
2.099820342199596901e+00
2.100607661991434227e+00
2.102149880665454162e+00
2.104079695231217961e+00
2.105625717739822100e+00
2.105625717739822100e+00
2.104079695231216629e+00
2.102149880665454162e+00
2.100607661991434227e+00
2.099820342199596901e+00
2.099935336570223132e+00
2.100932264724542531e+00
2.102617001403964014e+00
2.104545491708241123e+00
2.105807714357961657e+00
2.105340229513657846e+00
2.103593348854483569e+00
2.101708822971497526e+00
2.100331231995001158e+00
2.099762534152289195e+00
2.100106265858370680e+00
2.101300967268446396e+00
2.103101607203350376e+00
2.104972638723736189e+00
2.105870355346850520e+00
2.105502573820623002e+00
2.101952192357508853e+00
2.094510579343761947e+00
2.087304132245115351e+00
2.082500799378878220e+00
2.081115693335769290e+00
2.083406576728201731e+00
2.088939996005710675e+00
2.096471274631746429e+00
2.103407767358509872e+00
2.105255333461547806e+00
2.100257942020167246e+00
2.092575171366267472e+00
2.085823569556138679e+00
2.081812192848643495e+00
2.081348733894967218e+00
2.084518745040856214e+00
2.090706719734448882e+00
2.098407137536767220e+00
2.104536556031691763e+00
2.104536556031690875e+00
2.098407137536765887e+00
2.090706719734448882e+00
2.084518745040855769e+00
2.081348733894967662e+00
2.081812192848643051e+00
2.085823569556138679e+00
2.092575171366268361e+00
2.100257942020167246e+00
2.105255333461546918e+00
2.103407767358508984e+00
2.096471274631745985e+00
2.088939996005709787e+00
2.083406576728201731e+00
2.081115693335769734e+00
2.082500799378876444e+00
2.087304132245114019e+00
2.094510579343761947e+00
2.101952192357509741e+00
2.105502573820623002e+00
2.104912393455930619e+00
2.097075846909276287e+00
2.080493350994510049e+00
2.064265028457207052e+00
2.053364303085371212e+00
2.050208904234838592e+00
2.055424858243228847e+00
2.067962419615815062e+00
2.084880912009323239e+00
2.100295304900380966e+00
2.104368523933059620e+00
2.093317847508017859e+00
2.076150397649973556e+00
2.060911999002248862e+00
2.051796260031263586e+00
2.050740164521969611e+00
2.057951788509279289e+00
2.071946776947046764e+00
2.089200397847154278e+00
2.102785729083741728e+00
2.102785729083741728e+00
2.089200397847153390e+00
2.071946776947045876e+00
2.057951788509278845e+00
2.050740164521969167e+00
2.051796260031264030e+00
2.060911999002248862e+00
2.076150397649974000e+00
2.093317847508017859e+00
2.104368523933059620e+00
2.100295304900381854e+00
2.084880912009323239e+00
2.067962419615815506e+00
2.055424858243229735e+00
2.050208904234838592e+00
2.053364303085371656e+00
2.064265028457206608e+00
2.080493350994510493e+00
2.097075846909276287e+00
2.104912393455929731e+00
2.104133604271579472e+00
2.090579707555464850e+00
2.061507121176939794e+00
2.032625416686319575e+00
2.013009695767148166e+00
2.007300450565536742e+00
2.016730487454603704e+00
2.039240231642030388e+00
2.069245652140354164e+00
2.096164384895939925e+00
2.103197477670846194e+00
2.084034462631643603e+00
2.053817032438442158e+00
2.026609628911050898e+00
2.010174274983487663e+00
2.008262658726882144e+00
2.021285296054636582e+00
2.046346002378058415e+00
2.076832772805073724e+00
2.100469060832373724e+00
2.100469060832373724e+00
2.076832772805073724e+00
2.046346002378057527e+00
2.021285296054637914e+00
2.008262658726883032e+00
2.010174274983487663e+00
2.026609628911050898e+00
2.053817032438443047e+00
2.084034462631643159e+00
2.103197477670845306e+00
2.096164384895939481e+00
2.069245652140353275e+00
2.039240231642030388e+00
2.016730487454603704e+00
2.007300450565536298e+00
2.013009695767147722e+00
2.032625416686319131e+00
2.061507121176939350e+00
2.090579707555463518e+00
2.104133604271579472e+00
2.103212688272160680e+00
2.082793019445431604e+00
2.038202496042230472e+00
1.993020707930940993e+00
1.961883543595881241e+00
1.952754978179833900e+00
1.967816863487332979e+00
2.003440197167088321e+00
2.050165258549449643e+00
2.091239120990763034e+00
2.101811314027916655e+00
2.072841371238979935e+00
2.026252762057718204e+00
1.983509182424372019e+00
1.957353644062282072e+00
1.954295523995466466e+00
1.975062973393943100e+00
2.014586550725018022e+00
2.061830422278984720e+00
2.097718908904339763e+00
2.097718908904338875e+00
2.061830422278985164e+00
2.014586550725018466e+00
1.975062973393943100e+00
1.954295523995466022e+00
1.957353644062281850e+00
1.983509182424372685e+00
2.026252762057718204e+00
2.072841371238979935e+00
2.101811314027916655e+00
2.091239120990762590e+00
2.050165258549449643e+00
2.003440197167088321e+00
1.967816863487333201e+00
1.952754978179833900e+00
1.961883543595881907e+00
1.993020707930939439e+00
2.038202496042229139e+00
2.082793019445431160e+00
2.103212688272160236e+00
2.102207895836917917e+00
2.074136070167583501e+00
2.011432864092117079e+00
1.946297413775562646e+00
1.900575712350229818e+00
1.887047349577747113e+00
1.909338821523959950e+00
1.961448708305008726e+00
2.028421617747347749e+00
2.085803622234492671e+00
2.100296779799610380e+00
2.060296070233329058e+00
1.994351327087376280e+00
1.932400740063575872e+00
1.893869457475358731e+00
1.889334319889200087e+00
1.920008667651597056e+00
1.977572147217674159e+00
2.044874696297903860e+00
2.094702068302971121e+00
2.094702068302970233e+00
2.044874696297903416e+00
1.977572147217674381e+00
1.920008667651597278e+00
1.889334319889200087e+00
1.893869457475358953e+00
1.932400740063575428e+00
1.994351327087376058e+00
2.060296070233329058e+00
2.100296779799610825e+00
2.085803622234493560e+00
2.028421617747348193e+00
1.961448708305009392e+00
1.909338821523961283e+00
1.887047349577748223e+00
1.900575712350230040e+00
1.946297413775562646e+00
2.011432864092117967e+00
2.074136070167583501e+00
2.102207895836918361e+00
2.101187883264048040e+00
2.065116205277085726e+00
1.982264325506795322e+00
1.893535787569869955e+00
1.829833544884630125e+00
1.810768933377377987e+00
1.842130367096950661e+00
1.914393059880070913e+00
2.004983970823383643e+00
2.080197806442928954e+00
2.098756315481749901e+00
2.047077754133273420e+00
1.959237040718692313e+00
1.874294145740803330e+00
1.820395146760456218e+00
1.813998704846952137e+00
1.857047026097684128e+00
1.936446543640595097e+00
2.026803134267394668e+00
2.091616565380855608e+00
2.091616565380856052e+00
2.026803134267394224e+00
1.936446543640595097e+00
1.857047026097684350e+00
1.813998704846953913e+00
1.820395146760456662e+00
1.874294145740802664e+00
1.959237040718693423e+00
2.047077754133273864e+00
2.098756315481750345e+00
2.080197806442928954e+00
2.004983970823384531e+00
1.914393059880071135e+00
1.842130367096951327e+00
1.810768933377377099e+00
1.829833544884630347e+00
1.893535787569869733e+00
1.982264325506795322e+00
2.065116205277086170e+00
2.101187883264048040e+00
2.100229719019340191e+00
2.056320703971207919e+00
1.951983727464878582e+00
1.836076656275251962e+00
1.750582024144848647e+00
1.724637704845939590e+00
1.767228865361858414e+00
1.863665253050948101e+00
1.981011398590153849e+00
2.074810714536992062e+00
2.097305202306094962e+00
2.033981702722490237e+00
1.922278615300620164e+00
1.810446949670291961e+00
1.737758304754701832e+00
1.729044611160583944e+00
1.787330483520614743e+00
1.892612799160862558e+00
2.008607211448951269e+00
2.088686802162389444e+00
2.088686802162389000e+00
2.008607211448951269e+00
1.892612799160862558e+00
1.787330483520614521e+00
1.729044611160584166e+00
1.737758304754698724e+00
1.810446949670292183e+00
1.922278615300619053e+00
2.033981702722490681e+00
2.097305202306094074e+00
2.074810714536992506e+00
1.981011398590153849e+00
1.863665253050948323e+00
1.767228865361858636e+00
1.724637704845940478e+00
1.750582024144848647e+00
1.836076656275252628e+00
1.951983727464878582e+00
2.056320703971207031e+00
2.100229719019340191e+00
2.099415950354024840e+00
2.048404615384523453e+00
1.922100888553593956e+00
1.775549389876805328e+00
1.663951774390560079e+00
1.629514391541119434e+00
1.685906722301501404e+00
1.810944276213969584e+00
1.957849235869312254e+00
2.070069938210812754e+00
2.096067333243633701e+00
2.021907928945454902e+00
1.885097910110096642e+00
1.742396216823363098e+00
1.646963887951475858e+00
1.635383026416436847e+00
1.712272373549063254e+00
1.847748895121506862e+00
1.991424043516488496e+00
2.086156192568721757e+00
2.086156192568722645e+00
1.991424043516488940e+00
1.847748895121507307e+00
1.712272373549063920e+00
1.635383026416438179e+00
1.646963887951474081e+00
1.742396216823361987e+00
1.885097910110095754e+00
2.021907928945455346e+00
2.096067333243633257e+00
2.070069938210813643e+00
1.957849235869312476e+00
1.810944276213970916e+00
1.685906722301502070e+00
1.629514391541119878e+00
1.663951774390561411e+00
1.775549389876804884e+00
1.922100888553593290e+00
2.048404615384523897e+00
2.099415950354024840e+00
2.098830264759820263e+00
2.042070708162434745e+00
1.894339256520390258e+00
1.713893986230389244e+00
1.571316998957540401e+00
1.526428330478208029e+00
1.599710745509659526e+00
1.758208772352027882e+00
1.937014826573426607e+00
2.066425033805203260e+00
2.095168914849203645e+00
2.011840735000757885e+00
1.849566526958312807e+00
1.671989254825978932e+00
1.549227988406572942e+00
1.534108978195575457e+00
1.633583829575732116e+00
1.803811660869774292e+00
1.976518223057878165e+00
2.084275975530465619e+00
2.084275975530466063e+00
1.976518223057879053e+00
1.803811660869774292e+00
1.633583829575733004e+00
1.534108978195574569e+00
1.549227988406571832e+00
1.671989254825975824e+00
1.849566526958311696e+00
2.011840735000757441e+00
2.095168914849203645e+00
2.066425033805204148e+00
1.937014826573426385e+00
1.758208772352028770e+00
1.599710745509660192e+00
1.526428330478207807e+00
1.571316998957539512e+00
1.713893986230386801e+00
1.894339256520389592e+00
2.042070708162435189e+00
2.098830264759820263e+00
2.098551101228643745e+00
2.038037285538250032e+00
1.870607398328152371e+00
1.653363371763320933e+00
1.474345202052850468e+00
1.416619142941238252e+00
1.510507002177505997e+00
1.707725626779375894e+00
1.920166886135985074e+00
2.064321744787851909e+00
2.094729126169973199e+00
2.004814430052619389e+00
1.817779910842105329e+00
1.601402079796697464e+00
1.446026656995997861e+00
1.426546450472922833e+00
1.553307566461291422e+00
1.763015998010104113e+00
1.965248816390027242e+00
2.083288296542979090e+00
2.083288296542980422e+00
1.965248816390027908e+00
1.763015998010104335e+00
1.553307566461290978e+00
1.426546450472921945e+00
1.446026656995997639e+00
1.601402079796696132e+00
1.817779910842105107e+00
2.004814430052618945e+00
2.094729126169973643e+00
2.064321744787852353e+00
1.920166886135985296e+00
1.707725626779377226e+00
1.510507002177507552e+00
1.416619142941239806e+00
1.474345202052850246e+00
1.653363371763319156e+00
1.870607398328151261e+00
2.038037285538249588e+00
2.098551101228643745e+00
2.098642441620215848e+00
2.036987534023691371e+00
1.852942708471050581e+00
1.596481505994704397e+00
1.375059049663455157e+00
1.301604523107484868e+00
1.420523762294469083e+00
1.661991183327944155e+00
1.909052237290491671e+00
2.064162486348409153e+00
2.094846536303061502e+00
2.001858390198016036e+00
1.791995537870355815e+00
1.533123968899121614e+00
1.339165845165875224e+00
1.314318399217286437e+00
1.473833080525556838e+00
1.727770360246158265e+00
1.959015314844856581e+00
2.083401029620331357e+00
2.083401029620332245e+00
1.959015314844858358e+00
1.727770360246159376e+00
1.473833080525556838e+00
1.314318399217286881e+00
1.339165845165875002e+00
1.533123968899121836e+00
1.791995537870355815e+00
2.001858390198015591e+00
2.094846536303061502e+00
2.064162486348409153e+00
1.909052237290493004e+00
1.661991183327946819e+00
1.420523762294469972e+00
1.301604523107485090e+00
1.375059049663454047e+00
1.596481505994703731e+00
1.852942708471049915e+00
2.036987534023691371e+00
2.098642441620215848e+00
2.099141140395799354e+00
2.039490988462973498e+00
1.843419883702173134e+00
1.545919575692989323e+00
1.275906585729324805e+00
1.183291538900520523e+00
1.332375337610357535e+00
1.623591694802239527e+00
1.905424474199348905e+00
2.066247104480886332e+00
2.095580188295336654e+00
2.003911118309217532e+00
1.774520299273089297e+00
1.469871759352970875e+00
1.230879988636650380e+00
1.199456379887436031e+00
1.397864215782480324e+00
1.700543645217873712e+00
1.959174637194040614e+00
2.084751558661534165e+00
2.084751558661534609e+00
1.959174637194041280e+00
1.700543645217874378e+00
1.397864215782481434e+00
1.199456379887436697e+00
1.230879988636649269e+00
1.469871759352969764e+00
1.774520299273088408e+00
2.003911118309217532e+00
2.095580188295337543e+00
2.066247104480887220e+00
1.905424474199349794e+00
1.623591694802241303e+00
1.332375337610358201e+00
1.183291538900520745e+00
1.275906585729321918e+00
1.545919575692988657e+00
1.843419883702171802e+00
2.039490988462973053e+00
2.099141140395799354e+00
2.100040925390753266e+00
2.045883395240491787e+00
1.844021434074846422e+00
1.504241287777159819e+00
1.179827008853610248e+00
1.064160144364343585e+00
1.249034761006183825e+00
1.594941213426267712e+00
1.910931383783992299e+00
2.070687420454407235e+00
2.096925274546511453e+00
2.011686024958703634e+00
1.767533335307021058e+00
1.414383444906193166e+00
1.123966406568670306e+00
1.084571583328790334e+00
1.328293935277278681e+00
1.683634305679617915e+00
1.966917264044404368e+00
2.087357848877613442e+00
2.087357848877612998e+00
1.966917264044405256e+00
1.683634305679617471e+00
1.328293935277281790e+00
1.084571583328791000e+00
1.123966406568668530e+00
1.414383444906191167e+00
1.767533335307019726e+00
2.011686024958703634e+00
2.096925274546511453e+00
2.070687420454408123e+00
1.910931383783992743e+00
1.594941213426269488e+00
1.249034761006185601e+00
1.064160144364344251e+00
1.179827008853609360e+00
1.504241287777157376e+00
1.844021434074845089e+00
2.045883395240491343e+00
2.100040925390753266e+00
2.101275206941153773e+00
2.056086784294929970e+00
1.856475858027132109e+00
1.473470544643440849e+00
1.090282930985562615e+00
9.475620334001124689e-01
1.173708535930408470e+00
1.577851583155203352e+00
1.926969833311888092e+00
2.077292511138101982e+00
2.098786196525205039e+00
2.025456798404916103e+00
1.772830802788965876e+00
1.369042661603848021e+00
1.021955189490894034e+00
9.731147272272395732e-01
1.267935403440269670e+00
1.678805960468143565e+00
1.983077647966726254e+00
2.091059642631583504e+00
2.091059642631583948e+00
1.983077647966726920e+00
1.678805960468145120e+00
1.267935403440271225e+00
9.731147272272399062e-01
1.021955189490893812e+00
1.369042661603845579e+00
1.772830802788965876e+00
2.025456798404915659e+00
2.098786196525204595e+00
2.077292511138102427e+00
1.926969833311889424e+00
1.577851583155205129e+00
1.173708535930408914e+00
9.475620334001122469e-01
1.090282930985561283e+00
1.473470544643439073e+00
1.856475858027131220e+00
2.056086784294929970e+00
2.101275206941152884e+00
2.102704486555919239e+00
2.069354118345318128e+00
1.882077299055971098e+00
1.454470850679123961e+00
1.011207027501363598e+00
8.381807410477136733e-01
1.109571353480837796e+00
1.572889646520075235e+00
1.954499239736930960e+00
2.085436313157367216e+00
2.100955393931491333e+00
2.044699589101985460e+00
1.791456989998986948e+00
1.335335078172668943e+00
9.292852707916710031e-01
8.697385342742359748e-01
1.219094012060082166e+00
1.686723217945717002e+00
2.007810170291679963e+00
2.095463525106993075e+00
2.095463525106993519e+00
2.007810170291682628e+00
1.686723217945716780e+00
1.219094012060082832e+00
8.697385342742358638e-01
9.292852707916704480e-01
1.335335078172666057e+00
1.791456989998986060e+00
2.044699589101984571e+00
2.100955393931491333e+00
2.085436313157367660e+00
1.954499239736932736e+00
1.572889646520076568e+00
1.109571353480840683e+00
8.381807410477127851e-01
1.011207027501360711e+00
1.454470850679122629e+00
1.882077299055971098e+00
2.069354118345317683e+00
2.102704486555919239e+00
2.104118612518401488e+00
2.083961517880171144e+00
1.921493939394558703e+00
1.446232598346375520e+00
9.467921242730974463e-01
7.426228709362027169e-01
1.059377308088051750e+00
1.578488337779914374e+00
1.993746054102329968e+00
2.093957748160454990e+00
2.103113812946238337e+00
2.067484535330991413e+00
1.823050795691972592e+00
1.313273921554967361e+00
8.513781430848467169e-01
7.806847466981637895e-01
1.183081053000866412e+00
1.706002743053603110e+00
2.039912256254569733e+00
2.099924428795510334e+00
2.099924428795509890e+00
2.039912256254570622e+00
1.706002743053604220e+00
1.183081053000869076e+00
7.806847466981630124e-01
8.513781430848448295e-01
1.313273921554965362e+00
1.823050795691971260e+00
2.067484535330991413e+00
2.103113812946238337e+00
2.093957748160455434e+00
1.993746054102331078e+00
1.578488337779915707e+00
1.059377308088051306e+00
7.426228709362027169e-01
9.467921242730958920e-01
1.446232598346373521e+00
1.921493939394557371e+00
2.083961517880170700e+00
2.104118612518401488e+00
2.105265614060297885e+00
2.097023400582142205e+00
1.974468641536279545e+00
1.445425745422449282e+00
9.010677970152973781e-01
6.697616498786647110e-01
1.025089026021596794e+00
1.589940080987556570e+00
2.043343636913237837e+00
2.101212021186324108e+00
2.104872693305079423e+00
2.089570462175899035e+00
1.864056032761772563e+00
1.301160159336268718e+00
7.943500237524837582e-01
7.138257410742799847e-01
1.159952288232785511e+00
1.731425322452917248e+00
2.075093288589871854e+00
2.103614514836380067e+00
2.103614514836380067e+00
2.075093288589871854e+00
1.731425322452917248e+00
1.159952288232788176e+00
7.138257410742822051e-01
7.943500237524813157e-01
1.301160159336266497e+00
1.864056032761772119e+00
2.089570462175899035e+00
2.104872693305078979e+00
2.101212021186324108e+00
2.043343636913238726e+00
1.589940080987559456e+00
1.025089026021598348e+00
6.697616498786647110e-01
9.010677970152946026e-01
1.445425745422446173e+00
1.974468641536278657e+00
2.097023400582142649e+00
2.105265614060297885e+00
2.105910911218809467e+00
2.104929047859643187e+00
2.037630663913604145e+00
1.447054037211251920e+00
8.772876831229053929e-01
6.296507682316396792e-01
1.007759183849624707e+00
1.599339533086304943e+00
2.094476870191807727e+00
2.105435425019585693e+00
2.105865352945268665e+00
2.103977718058792856e+00
1.900921861666631463e+00
1.296209987571730560e+00
7.639927395250170061e-01
6.775028558682351099e-01
1.148829178687440056e+00
1.751381676574338186e+00
2.101853569594690718e+00
2.105718743781876956e+00
2.105718743781876956e+00
2.101853569594691162e+00
1.751381676574339075e+00
1.148829178687442276e+00
6.775028558682349988e-01
7.639927395250136755e-01
1.296209987571728117e+00
1.900921861666629020e+00
2.103977718058792856e+00
2.105865352945268665e+00
2.105435425019585693e+00
2.094476870191808171e+00
1.599339533086306941e+00
1.007759183849625595e+00
6.296507682316387911e-01
8.772876831229032835e-01
1.447054037211249256e+00
2.037630663913602369e+00
2.104929047859642743e+00
2.105910911218810355e+00
2.105910911218809911e+00
2.104929047859643187e+00
2.037630663913605034e+00
1.447054037211252586e+00
8.772876831229053929e-01
6.296507682316394572e-01
1.007759183849624041e+00
1.599339533086304721e+00
2.094476870191807727e+00
2.105435425019585693e+00
2.105865352945269109e+00
2.103977718058792856e+00
1.900921861666630353e+00
1.296209987571731670e+00
7.639927395250155628e-01
6.775028558682333335e-01
1.148829178687439168e+00
1.751381676574338631e+00
2.101853569594691162e+00
2.105718743781877400e+00
2.105718743781876956e+00
2.101853569594691162e+00
1.751381676574339297e+00
1.148829178687442498e+00
6.775028558682371083e-01
7.639927395250136755e-01
1.296209987571728117e+00
1.900921861666628798e+00
2.103977718058792856e+00
2.105865352945268221e+00
2.105435425019585693e+00
2.094476870191808615e+00
1.599339533086306275e+00
1.007759183849625817e+00
6.296507682316394572e-01
8.772876831229037276e-01
1.447054037211249478e+00
2.037630663913602369e+00
2.104929047859643632e+00
2.105910911218810355e+00
2.105265614060297885e+00
2.097023400582142649e+00
1.974468641536279767e+00
1.445425745422449282e+00
9.010677970152973781e-01
6.697616498786647110e-01
1.025089026021598126e+00
1.589940080987557680e+00
2.043343636913238281e+00
2.101212021186324108e+00
2.104872693305079423e+00
2.089570462175899479e+00
1.864056032761772119e+00
1.301160159336268718e+00
7.943500237524832031e-01
7.138257410742799847e-01
1.159952288232788842e+00
1.731425322452917692e+00
2.075093288589871854e+00
2.103614514836380067e+00
2.103614514836380511e+00
2.075093288589872298e+00
1.731425322452917470e+00
1.159952288232790618e+00
7.138257410742822051e-01
7.943500237524798724e-01
1.301160159336267164e+00
1.864056032761772119e+00
2.089570462175899479e+00
2.104872693305079423e+00
2.101212021186324108e+00
2.043343636913238726e+00
1.589940080987559901e+00
1.025089026021599459e+00
6.697616498786647110e-01
9.010677970152946026e-01
1.445425745422446617e+00
1.974468641536278657e+00
2.097023400582142649e+00
2.105265614060297885e+00
2.104118612518401488e+00
2.083961517880170700e+00
1.921493939394558259e+00
1.446232598346375520e+00
9.467921242730974463e-01
7.426228709362021618e-01
1.059377308088051750e+00
1.578488337779914152e+00
1.993746054102329968e+00
2.093957748160454990e+00
2.103113812946238337e+00
2.067484535330991413e+00
1.823050795691972148e+00
1.313273921554967139e+00
8.513781430848467169e-01
7.806847466981627903e-01
1.183081053000866412e+00
1.706002743053603776e+00
2.039912256254569733e+00
2.099924428795510334e+00
2.099924428795511222e+00
2.039912256254570622e+00
1.706002743053604220e+00
1.183081053000868632e+00
7.806847466981630124e-01
8.513781430848448295e-01
1.313273921554965140e+00
1.823050795691972148e+00
2.067484535330991413e+00
2.103113812946238337e+00
2.093957748160455434e+00
1.993746054102331078e+00
1.578488337779916151e+00
1.059377308088051528e+00
7.426228709362010516e-01
9.467921242730958920e-01
1.446232598346373077e+00
1.921493939394558037e+00
2.083961517880170256e+00
2.104118612518402376e+00
2.102704486555919239e+00
2.069354118345318128e+00
1.882077299055972874e+00
1.454470850679125071e+00
1.011207027501362488e+00
8.381807410477131182e-01
1.109571353480839351e+00
1.572889646520074791e+00
1.954499239736930960e+00
2.085436313157367216e+00
2.100955393931491333e+00
2.044699589101985460e+00
1.791456989998986948e+00
1.335335078172668499e+00
9.292852707916737787e-01
8.697385342742357528e-01
1.219094012060083942e+00
1.686723217945717002e+00
2.007810170291679963e+00
2.095463525106993963e+00
2.095463525106993519e+00
2.007810170291681295e+00
1.686723217945717224e+00
1.219094012060084831e+00
8.697385342742368630e-01
9.292852707916714472e-01
1.335335078172667167e+00
1.791456989998985394e+00
2.044699589101985460e+00
2.100955393931491333e+00
2.085436313157367216e+00
1.954499239736932292e+00
1.572889646520076790e+00
1.109571353480837796e+00
8.381807410477131182e-01
1.011207027501361377e+00
1.454470850679122407e+00
1.882077299055971098e+00
2.069354118345317683e+00
2.102704486555919239e+00
2.101275206941153773e+00
2.056086784294930414e+00
1.856475858027132553e+00
1.473470544643440849e+00
1.090282930985562393e+00
9.475620334001101375e-01
1.173708535930408914e+00
1.577851583155204462e+00
1.926969833311888758e+00
2.077292511138101982e+00
2.098786196525205039e+00
2.025456798404916547e+00
1.772830802788966320e+00
1.369042661603848465e+00
1.021955189490895144e+00
9.731147272272372417e-01
1.267935403440269004e+00
1.678805960468143788e+00
1.983077647966726920e+00
2.091059642631583948e+00
2.091059642631583504e+00
1.983077647966726920e+00
1.678805960468142899e+00
1.267935403440271003e+00
9.731147272272365756e-01
1.021955189490893812e+00
1.369042661603846467e+00
1.772830802788965432e+00
2.025456798404916103e+00
2.098786196525204595e+00
2.077292511138101982e+00
1.926969833311890090e+00
1.577851583155204906e+00
1.173708535930409802e+00
9.475620334001099154e-01
1.090282930985560839e+00
1.473470544643439517e+00
1.856475858027131220e+00
2.056086784294931302e+00
2.101275206941153773e+00
2.100040925390753266e+00
2.045883395240491787e+00
1.844021434074845978e+00
1.504241287777159597e+00
1.179827008853608694e+00
1.064160144364342697e+00
1.249034761006183825e+00
1.594941213426267712e+00
1.910931383783991411e+00
2.070687420454407679e+00
2.096925274546511453e+00
2.011686024958703634e+00
1.767533335307020170e+00
1.414383444906193610e+00
1.123966406568670306e+00
1.084571583328789668e+00
1.328293935277278015e+00
1.683634305679616583e+00
1.966917264044405478e+00
2.087357848877612998e+00
2.087357848877613886e+00
1.966917264044406810e+00
1.683634305679617915e+00
1.328293935277280235e+00
1.084571583328790112e+00
1.123966406568668974e+00
1.414383444906192278e+00
1.767533335307020170e+00
2.011686024958703634e+00
2.096925274546511453e+00
2.070687420454408123e+00
1.910931383783992521e+00
1.594941213426269488e+00
1.249034761006184491e+00
1.064160144364343585e+00
1.179827008853607584e+00
1.504241287777158487e+00
1.844021434074845311e+00
2.045883395240490454e+00
2.100040925390753266e+00
2.099141140395799354e+00
2.039490988462973053e+00
1.843419883702172912e+00
1.545919575692989767e+00
1.275906585729323695e+00
1.183291538900520523e+00
1.332375337610357313e+00
1.623591694802238639e+00
1.905424474199348461e+00
2.066247104480886776e+00
2.095580188295336654e+00
2.003911118309217088e+00
1.774520299273088852e+00
1.469871759352971097e+00
1.230879988636650157e+00
1.199456379887435364e+00
1.397864215782479214e+00
1.700543645217873046e+00
1.959174637194040169e+00
2.084751558661533277e+00
2.084751558661533721e+00
1.959174637194041946e+00
1.700543645217873712e+00
1.397864215782480990e+00
1.199456379887435364e+00
1.230879988636648825e+00
1.469871759352968432e+00
1.774520299273087742e+00
2.003911118309217088e+00
2.095580188295336654e+00
2.066247104480887220e+00
1.905424474199349127e+00
1.623591694802239971e+00
1.332375337610357757e+00
1.183291538900519635e+00
1.275906585729322362e+00
1.545919575692988657e+00
1.843419883702171802e+00
2.039490988462972165e+00
2.099141140395799354e+00
2.098642441620215848e+00
2.036987534023691371e+00
1.852942708471049915e+00
1.596481505994705064e+00
1.375059049663455157e+00
1.301604523107483313e+00
1.420523762294469750e+00
1.661991183327943267e+00
1.909052237290492116e+00
2.064162486348409153e+00
2.094846536303062834e+00
2.001858390198015147e+00
1.791995537870356259e+00
1.533123968899121614e+00
1.339165845165875002e+00
1.314318399217285771e+00
1.473833080525557060e+00
1.727770360246159154e+00
1.959015314844856803e+00
2.083401029620330469e+00
2.083401029620330913e+00
1.959015314844858136e+00
1.727770360246159376e+00
1.473833080525558170e+00
1.314318399217286659e+00
1.339165845165873669e+00
1.533123968899121836e+00
1.791995537870355371e+00
2.001858390198015591e+00
2.094846536303061946e+00
2.064162486348409153e+00
1.909052237290493892e+00
1.661991183327944599e+00
1.420523762294469083e+00
1.301604523107485756e+00
1.375059049663453603e+00
1.596481505994703509e+00
1.852942708471048139e+00
2.036987534023691371e+00
2.098642441620215848e+00
2.098551101228643745e+00
2.038037285538249588e+00
1.870607398328152371e+00
1.653363371763320933e+00
1.474345202052850023e+00
1.416619142941238918e+00
1.510507002177505997e+00
1.707725626779376116e+00
1.920166886135984630e+00
2.064321744787851465e+00
2.094729126169973199e+00
2.004814430052618945e+00
1.817779910842104441e+00
1.601402079796697020e+00
1.446026656995996529e+00
1.426546450472921945e+00
1.553307566461290312e+00
1.763015998010102781e+00
1.965248816390025244e+00
2.083288296542979090e+00
2.083288296542980422e+00
1.965248816390026354e+00
1.763015998010104113e+00
1.553307566461292311e+00
1.426546450472922611e+00
1.446026656995996973e+00
1.601402079796696354e+00
1.817779910842104441e+00
2.004814430052618945e+00
2.094729126169973643e+00
2.064321744787852353e+00
1.920166886135985962e+00
1.707725626779377004e+00
1.510507002177506886e+00
1.416619142941238696e+00
1.474345202052849579e+00
1.653363371763319822e+00
1.870607398328151927e+00
2.038037285538248256e+00
2.098551101228643301e+00
2.098830264759820263e+00
2.042070708162434745e+00
1.894339256520390702e+00
1.713893986230388355e+00
1.571316998957539290e+00
1.526428330478207807e+00
1.599710745509659304e+00
1.758208772352028104e+00
1.937014826573426607e+00
2.066425033805202816e+00
2.095168914849204089e+00
2.011840735000758329e+00
1.849566526958312584e+00
1.671989254825977156e+00
1.549227988406573164e+00
1.534108978195574124e+00
1.633583829575731894e+00
1.803811660869773847e+00
1.976518223057877499e+00
2.084275975530466063e+00
2.084275975530466063e+00
1.976518223057879053e+00
1.803811660869775402e+00
1.633583829575732782e+00
1.534108978195575457e+00
1.549227988406571610e+00
1.671989254825977378e+00
1.849566526958311918e+00
2.011840735000757441e+00
2.095168914849204089e+00
2.066425033805203260e+00
1.937014826573426607e+00
1.758208772352029214e+00
1.599710745509659748e+00
1.526428330478207807e+00
1.571316998957539512e+00
1.713893986230387245e+00
1.894339256520390258e+00
2.042070708162433856e+00
2.098830264759820263e+00
2.099415950354024840e+00
2.048404615384523453e+00
1.922100888553594178e+00
1.775549389876804884e+00
1.663951774390560523e+00
1.629514391541117213e+00
1.685906722301501182e+00
1.810944276213970472e+00
1.957849235869312254e+00
2.070069938210812754e+00
2.096067333243633257e+00
2.021907928945455346e+00
1.885097910110096642e+00
1.742396216823363098e+00
1.646963887951475414e+00
1.635383026416437291e+00
1.712272373549063254e+00
1.847748895121506418e+00
1.991424043516488496e+00
2.086156192568722201e+00
2.086156192568722201e+00
1.991424043516488940e+00
1.847748895121507751e+00
1.712272373549063254e+00
1.635383026416436181e+00
1.646963887951473637e+00
1.742396216823361987e+00
1.885097910110095976e+00
2.021907928945454902e+00
2.096067333243633701e+00
2.070069938210813199e+00
1.957849235869311588e+00
1.810944276213970694e+00
1.685906722301501404e+00
1.629514391541118989e+00
1.663951774390560079e+00
1.775549389876805106e+00
1.922100888553593734e+00
2.048404615384523453e+00
2.099415950354024840e+00
2.100229719019340635e+00
2.056320703971207031e+00
1.951983727464878804e+00
1.836076656275251739e+00
1.750582024144849091e+00
1.724637704845939590e+00
1.767228865361857526e+00
1.863665253050947435e+00
1.981011398590153405e+00
2.074810714536991618e+00
2.097305202306094962e+00
2.033981702722490237e+00
1.922278615300619053e+00
1.810446949670291961e+00
1.737758304754699612e+00
1.729044611160583500e+00
1.787330483520612967e+00
1.892612799160862114e+00
2.008607211448950380e+00
2.088686802162389888e+00
2.088686802162389444e+00
2.008607211448951713e+00
1.892612799160862558e+00
1.787330483520614743e+00
1.729044611160584388e+00
1.737758304754700500e+00
1.810446949670291295e+00
1.922278615300619053e+00
2.033981702722490237e+00
2.097305202306094074e+00
2.074810714536992062e+00
1.981011398590153849e+00
1.863665253050948101e+00
1.767228865361857970e+00
1.724637704845938924e+00
1.750582024144848647e+00
1.836076656275252184e+00
1.951983727464878582e+00
2.056320703971206143e+00
2.100229719019340635e+00
2.101187883264048040e+00
2.065116205277086170e+00
1.982264325506795322e+00
1.893535787569870177e+00
1.829833544884629237e+00
1.810768933377377543e+00
1.842130367096951327e+00
1.914393059880070469e+00
2.004983970823382755e+00
2.080197806442928954e+00
2.098756315481750345e+00
2.047077754133274308e+00
1.959237040718693423e+00
1.874294145740802886e+00
1.820395146760456218e+00
1.813998704846952581e+00
1.857047026097684128e+00
1.936446543640594209e+00
2.026803134267394668e+00
2.091616565380855608e+00
2.091616565380856052e+00
2.026803134267395556e+00
1.936446543640594875e+00
1.857047026097684128e+00
1.813998704846953469e+00
1.820395146760456662e+00
1.874294145740801554e+00
1.959237040718692757e+00
2.047077754133273420e+00
2.098756315481750345e+00
2.080197806442928954e+00
2.004983970823383643e+00
1.914393059880071579e+00
1.842130367096951327e+00
1.810768933377376655e+00
1.829833544884629459e+00
1.893535787569869067e+00
1.982264325506795322e+00
2.065116205277086170e+00
2.101187883264048040e+00
2.102207895836918361e+00
2.074136070167583945e+00
2.011432864092117967e+00
1.946297413775562646e+00
1.900575712350229818e+00
1.887047349577747557e+00
1.909338821523960839e+00
1.961448708305009614e+00
2.028421617747347305e+00
2.085803622234493560e+00
2.100296779799610825e+00
2.060296070233329058e+00
1.994351327087376058e+00
1.932400740063575650e+00
1.893869457475358065e+00
1.889334319889200087e+00
1.920008667651596390e+00
1.977572147217673271e+00
2.044874696297903416e+00
2.094702068302971121e+00
2.094702068302970677e+00
2.044874696297904304e+00
1.977572147217673049e+00
1.920008667651597944e+00
1.889334319889199865e+00
1.893869457475356954e+00
1.932400740063575872e+00
1.994351327087376946e+00
2.060296070233329058e+00
2.100296779799610380e+00
2.085803622234492671e+00
2.028421617747347749e+00
1.961448708305009170e+00
1.909338821523961283e+00
1.887047349577747335e+00
1.900575712350228486e+00
1.946297413775562202e+00
2.011432864092117967e+00
2.074136070167583945e+00
2.102207895836917917e+00
2.103212688272159792e+00
2.082793019445430716e+00
2.038202496042230472e+00
1.993020707930939439e+00
1.961883543595881463e+00
1.952754978179833234e+00
1.967816863487333201e+00
2.003440197167087877e+00
2.050165258549450087e+00
2.091239120990762590e+00
2.101811314027917099e+00
2.072841371238979935e+00
2.026252762057717760e+00
1.983509182424372463e+00
1.957353644062282516e+00
1.954295523995467354e+00
1.975062973393942656e+00
2.014586550725017577e+00
2.061830422278985608e+00
2.097718908904339763e+00
2.097718908904340207e+00
2.061830422278985608e+00
2.014586550725017577e+00
1.975062973393942212e+00
1.954295523995466688e+00
1.957353644062281184e+00
1.983509182424373130e+00
2.026252762057717760e+00
2.072841371238980379e+00
2.101811314027917099e+00
2.091239120990762146e+00
2.050165258549450531e+00
2.003440197167088321e+00
1.967816863487333201e+00
1.952754978179833456e+00
1.961883543595881907e+00
1.993020707930940105e+00
2.038202496042229139e+00
2.082793019445430271e+00
2.103212688272159792e+00
2.104133604271579472e+00
2.090579707555464406e+00
2.061507121176940682e+00
2.032625416686317799e+00
2.013009695767149054e+00
2.007300450565536742e+00
2.016730487454603260e+00
2.039240231642030388e+00
2.069245652140353720e+00
2.096164384895939925e+00
2.103197477670846194e+00
2.084034462631643159e+00
2.053817032438442602e+00
2.026609628911050009e+00
2.010174274983487219e+00
2.008262658726883032e+00
2.021285296054635250e+00
2.046346002378057083e+00
2.076832772805074612e+00
2.100469060832373280e+00
2.100469060832373280e+00
2.076832772805074612e+00
2.046346002378057083e+00
2.021285296054636138e+00
2.008262658726881256e+00
2.010174274983487219e+00
2.026609628911050009e+00
2.053817032438443491e+00
2.084034462631642715e+00
2.103197477670845750e+00
2.096164384895939481e+00
2.069245652140353720e+00
2.039240231642030388e+00
2.016730487454602816e+00
2.007300450565537631e+00
2.013009695767148166e+00
2.032625416686318243e+00
2.061507121176939350e+00
2.090579707555464406e+00
2.104133604271579472e+00
2.104912393455930619e+00
2.097075846909276731e+00
2.080493350994510493e+00
2.064265028457207052e+00
2.053364303085371656e+00
2.050208904234839036e+00
2.055424858243228403e+00
2.067962419615815506e+00
2.084880912009322795e+00
2.100295304900381854e+00
2.104368523933059620e+00
2.093317847508018303e+00
2.076150397649972668e+00
2.060911999002248418e+00
2.051796260031263586e+00
2.050740164521970055e+00
2.057951788509279289e+00
2.071946776947045876e+00
2.089200397847152946e+00
2.102785729083741728e+00
2.102785729083742172e+00
2.089200397847153390e+00
2.071946776947045876e+00
2.057951788509278845e+00
2.050740164521969167e+00
2.051796260031264030e+00
2.060911999002248862e+00
2.076150397649973112e+00
2.093317847508017859e+00
2.104368523933060509e+00
2.100295304900381854e+00
2.084880912009323239e+00
2.067962419615815506e+00
2.055424858243229291e+00
2.050208904234838148e+00
2.053364303085371212e+00
2.064265028457206608e+00
2.080493350994509605e+00
2.097075846909277175e+00
2.104912393455930619e+00
2.105502573820623002e+00
2.101952192357509741e+00
2.094510579343763279e+00
2.087304132245114019e+00
2.082500799378878220e+00
2.081115693335770178e+00
2.083406576728202175e+00
2.088939996005710231e+00
2.096471274631746429e+00
2.103407767358509872e+00
2.105255333461546918e+00
2.100257942020167690e+00
2.092575171366267472e+00
2.085823569556138235e+00
2.081812192848644383e+00
2.081348733894967662e+00
2.084518745040855769e+00
2.090706719734449770e+00
2.098407137536766331e+00
2.104536556031692207e+00
2.104536556031692651e+00
2.098407137536766776e+00
2.090706719734449326e+00
2.084518745040856658e+00
2.081348733894968106e+00
2.081812192848643495e+00
2.085823569556138679e+00
2.092575171366267917e+00
2.100257942020167690e+00
2.105255333461547806e+00
2.103407767358509428e+00
2.096471274631746873e+00
2.088939996005709787e+00
2.083406576728201287e+00
2.081115693335769734e+00
2.082500799378877332e+00
2.087304132245113131e+00
2.094510579343761503e+00
2.101952192357509741e+00
2.105502573820623002e+00
2.105870355346850520e+00
2.104972638723737965e+00
2.103101607203350820e+00
2.101300967268446396e+00
2.100106265858369348e+00
2.099762534152290083e+00
2.100331231995001158e+00
2.101708822971497526e+00
2.103593348854482681e+00
2.105340229513658290e+00
2.105807714357962102e+00
2.104545491708241567e+00
2.102617001403964014e+00
2.100932264724542531e+00
2.099935336570222688e+00
2.099820342199597345e+00
2.100607661991435116e+00
2.102149880665452386e+00
2.104079695231217961e+00
2.105625717739824765e+00
2.105625717739823877e+00
2.104079695231217961e+00
2.102149880665452386e+00
2.100607661991435116e+00
2.099820342199596901e+00
2.099935336570222688e+00
2.100932264724542087e+00
2.102617001403963570e+00
2.104545491708241567e+00
2.105807714357962102e+00
2.105340229513658290e+00
2.103593348854483125e+00
2.101708822971497526e+00
2.100331231995000270e+00
2.099762534152290083e+00
2.100106265858369792e+00
2.101300967268446840e+00
2.103101607203349932e+00
2.104972638723736189e+00
2.105870355346850520e+00
2.105995239036369426e+00
2.105995239036369426e+00
2.105995239036369426e+00
2.105995239036369426e+00
2.105995239036369426e+00
2.105995239036369426e+00
2.105995239036369426e+00
2.105995239036369426e+00
2.105995239036369426e+00
2.105995239036369426e+00
2.105995239036368982e+00
2.105995239036368982e+00
2.105995239036369426e+00
2.105995239036369426e+00
2.105995239036369426e+00
2.105995239036369426e+00
2.105995239036369426e+00
2.105995239036369426e+00
2.105995239036369426e+00
2.105995239036369426e+00
2.105995239036369426e+00
2.105995239036369426e+00
2.105995239036369426e+00
2.105995239036369426e+00
2.105995239036369426e+00
2.105995239036369426e+00
2.105995239036369426e+00
2.105995239036369426e+00
2.105995239036369426e+00
2.105995239036369426e+00
2.105995239036369426e+00
2.105995239036369426e+00
2.105995239036369426e+00
2.105995239036369426e+00
2.105995239036369426e+00
2.105995239036369426e+00
2.105995239036369426e+00
2.105995239036369426e+00
2.105995239036369426e+00
2.105995239036369426e+00
